report_number,crash_year,crash_date_time,report_date_time,investigating_agency_rep_num,form_type,total_number_of_vehicles,total_number_of_persons,total_number_of_narratives,county_code,city_code,county_name,city_name,rural_or_urban,notified_time,dispatched_time,arrived_time,cleared_time,completed_flag,reason_not_completed,notified_by,on_street_road_highway,street_address_number,latitude,longitude,feet_from_intersection,miles_from_intersection,direction_from_intersection,from_intersection_of,from_milepost_number,road_system_identifier,type_of_shoulder,type_of_intersection,photos_taken_flag,light_condition,weather_condition,road_surface_condition,school_bus_related_code,type_of_impact,first_harmful_event,harmful_event_location,interchange_flag,junction_flag,road_circumstances_1,road_circumstances_2,road_circumstances_3,environment_circumstances_1,environment_circumstances_2,environment_circumstances_3,work_zone_related_flag,location_within_zone,type_of_work_zone,workers_present,law_enforcement_present,investigator_id,investigator_rank,investigator_first_name,investigator_middle_name,investigator_last_name,investigator_suffix,investigating_agency_name,investigating_agency_type,load_dt90838674,,,,,,,,,,,,,,,,,,,,,,,,,,,,,,5,2,1,1,88,1,1,1,1,32,2,88,1,1,,,1,,,1,,,,,217,DEPUTY,,,EPLHASE,,LEON COUNTY,2,2011-03-08 15:54
71898622,2011,2011-01-17 21:54,2011-01-17 22:27,11001660,L,2,2,0,13,50,13,50,2,2011-01-17 21:55,2011-01-17 21:57,2011-01-17 21:59,2011-01-18 00:05,2,,2,FAMU Way,,,,,,,SR 61,,4,3,2,2,4,2,2,1,2,11,1,1,2,1,,,1,,,1,,,,,95606,Officer,,,,,Tallahassee Police Department,2,2011-03-22 14:05,,,,,,,,,,,,,,,,,,,,,,,,,,,,,,,,,,,,,,,,,,,,,,,,,,,,,,,,,,,,,,
71899043,2011,2011-02-07 14:55,2011-03-02 13:21,11003653,U,1,1,0,13,50,13,50,2,2011-02-07 15:04,2011-02-07 15:04,2011-02-07 15:11,2011-02-07 15:53,2,,2,Appleyard Dr,,,,500,,S,US 90 Hwy,,2,3,1,1,1,2,2,1,4,11,1,1,1,1,,,1,,,1,,,,,92304,Officer,,,,,Tallahassee Police Department,2,2012-02-03 09:24,,,,,,,,,,,,,,,,,,,,,,,,,,,,,,,,,,,,,,,,,,,,,,,,,,,,,,,,,,,,,,
71898639,2011,2011-01-18 14:40,2011-01-18 14:40,11001710,L,2,2,0,13,50,13,50,2,2011-01-18 14:40,2011-01-18 14:46,2011-01-18 15:02,2011-01-18 16:15,1,Hit/Run,2,Block Glenda Dr,1400,,,,,,,,5,3,1,1,1,2,2,1,3,11,1,1,,1,,,1,,,1,,,,,47466,Officer,,,,,Tallahassee Police Department,2,2011-03-22 14:05,,,,,,,,,,,,,,,,,,,,,,,,,,,,,,,,,,,,,,,,,,,,,,,,,,,,,,,,,,,,,,
71898926,2011,2011-02-01 08:00,2011-02-01 09:04,11003072,L,1,2,0,13,50,13,50,2,2011-02-01 08:00,2011-02-01 08:01,2011-02-01 08:02,2011-02-01 08:30,2,,2,W US Hwy 90 Tennessee Street,,,,,,,Whitehall St,,2,3,3,1,1,2,1,1,77,11,1,1,2,1,,,1,,,1,,,,,86418,Officer,,,,,Tallahassee Police Department,2,2011-03-22 14:07,,,,,,,,,,,,,,,,,,,,,,,,,,,,,,,,,,,,,,,,,,,,,,,,,,,,,,,,,,,,,,
71899571,2011,2011-03-04 09:50,2011-03-04 10:17,11005954,L,1,3,0,13,50,13,50,2,2011-03-04 09:50,2011-03-04 09:51,2011-03-04 09:54,2011-03-04 10:59,2,,2,Blountstown St,,,,100,,S,Westgate Ct,,5,2,1,2,1,1,1,1,3,11,1,1,1,1,,,1,,,1,,,,,96698,Officer,,,,,Tallahassee Police Department,2,2011-03-22 14:21,,,,,,,,,,,,,,,,,,,,,,,,,,,,,,,,,,,,,,,,,,,,,,,,,,,,,,,,,,,,,,
71899206,2011,2011-02-14 14:15,2011-02-14 15:19,11004303,L,1,2,0,13,50,13,50,2,2011-02-14 14:37,2011-02-14 14:37,2011-02-14 14:42,2011-02-14 15:20,2,,2,W Brevard St,,,,50,,E,Richmond St,,5,3,1,1,1,1,1,1,3,11,1,,4,1,,,1,,,1,,,,,83202,Officer,,,,,Tallahassee Police Department,2,2011-03-22 14:18,,,,,,,,,,,,,,,,,,,,,,,,,,,,,,,,,,,,,,,,,,,,,,,,,,,,,,,,,,,,,,
71899228,2011,2011-02-14 14:25,2011-02-15 07:22,11004301,L,1,2,0,13,50,13,50,2,2011-02-14 14:25,2011-02-14 14:25,2011-02-14 14:26,2011-02-14 15:00,2,,2,Jackson Bluff Rd,,,,,,,Chipley St,,5,3,3,1,1,1,1,1,3,11,1,1,1,1,,,1,,,1,,,,,93985,Officer,,,,,Tallahassee Police Department,2,2011-03-22 14:18,,,,,,,,,,,,,,,,,,,,,,,,,,,,,,,,,,,,,,,,,,,,,,,,,,,,,,,,,,,,,,
71899273,2011,2011-02-17 08:04,2011-02-17 08:04,11004532,L,2,3,0,13,50,13,50,2,2011-02-17 08:04,2011-02-17 08:04,2011-02-17 08:04,2011-02-17 09:30,2,,2,W Pensacola St,2022,0.027358,-0.016427,400,,S,Ausley Rd,,5,3,1,1,1,1,1,1,3,11,1,1,4,1,,,1,,,1,,,,,47503,Officer,,,,,Tallahassee Police Department,2,2011-03-22 14:19,,,,,,,,,,,,,,,,,,,,,,,,,,,,,,,,,,,,,,,,,,,,,,,,,,,,,,,,,,,,,,
71900781,2011,2011-04-26 11:19,2011-05-04 09:57,11011367,U,2,1,0,13,50,13,50,2,2011-04-26 11:19,2011-04-26 11:23,2011-04-26 11:51,2011-04-26 12:26,2,,2,E Bragg Dr,,,,10,,S,Pasco St,,5,2,3,1,1,1,1,1,4,11,,,,1,,,1,,,1,,,,,43769,Inv.,,,,,Tallahassee Police Department,2,2012-02-10 09:27,,,,,,,,,,,,,,,,,,,,,,,,,,,,,,,,,,,,,,,,,,,,,,,,,,,,,,,,,,,,,,
71900656,2011,2011-04-20 12:39,2011-04-20 13:14,11010766,L,1,2,0,13,50,13,50,2,2011-04-20 12:41,2011-04-20 12:41,2011-04-20 12:43,2011-04-20 13:30,2,,2,US Hwy 90 Hwy,2259,,,100,,E,Columbia Dr,,9,3,1,1,1,1,1,1,3,11,2,1,4,1,,,1,,,1,,,,,99777,Officer,,,,,Tallahassee Police Department,2,2011-05-14 07:38,,,,,,,,,,,,,,,,,,,,,,,,,,,,,,,,,,,,,,,,,,,,,,,,,,,,,,,,,,,,,,
71900386,2011,2011-04-09 12:17,2011-04-09 13:12,11009602,L,1,1,0,13,50,13,50,2,2011-04-09 12:17,2011-04-09 12:59,2011-04-09 13:17,2011-04-09 13:25,1,Hit and Run,2,S Macomb St,,,,300,,S,S Jefferson St,,5,3,1,1,1,1,1,1,,11,,,,1,,,1,,,1,,,,,83202,Officer,,,,,Tallahassee Police Department,2,2011-05-14 07:36,,,,,,,,,,,,,,,,,,,,,,,,,,,,,,,,,,,,,,,,,,,,,,,,,,,,,,,,,,,,,,
71900471,2011,2011-04-12 15:52,2011-04-22 14:45,11009919,U,1,2,0,13,50,13,50,2,2011-04-12 15:52,2011-04-12 15:53,2011-04-12 15:56,2011-04-12 16:37,2,,2,N Macomb St,,,,300,,E,US 90 Tennessee St,,5,3,1,1,1,1,1,1,77,11,1,1,1,77,,,1,,,1,,,,,15410,Officer,,,,,Tallahassee Police Department,2,2012-02-09 09:28,,,,,,,,,,,,,,,,,,,,,,,,,,,,,,,,,,,,,,,,,,,,,,,,,,,,,,,,,,,,,,
71901084,2011,2011-05-10 18:00,2011-05-10 18:27,11012774,L,1,2,0,13,50,13,50,2,2011-05-10 18:00,2011-05-10 18:01,2011-05-10 18:16,2011-05-10 19:25,2,,2,US 319,,,,200,,E,Ridge Rd,,2,3,1,1,1,1,1,1,3,11,1,,18,1,,,1,,,1,,,,,69508,Officer,,,,,Tallahassee Police Department,2,2011-05-20 14:00,,,,,,,,,,,,,,,,,,,,,,,,,,,,,,,,,,,,,,,,,,,,,,,,,,,,,,,,,,,,,,
71901121,2011,2011-05-12 14:18,2011-05-12 15:00,11012969,L,1,2,0,13,50,13,50,2,2011-05-12 14:18,2011-05-12 14:26,2011-05-12 14:26,2011-05-12 15:00,2,,2,NE Capital SR 261 Cir,1925,,,,,,,,3,3,1,1,1,1,1,1,3,11,1,1,1,1,,,1,,,1,,,,,53517,OFFICER,,,,,Tallahassee Police Department,2,2011-05-31 09:49,,,,,,,,,,,,,,,,,,,,,,,,,,,,,,,,,,,,,,,,,,,,,,,,,,,,,,,,,,,,,,
71901593,2011,2011-06-06 04:23,2011-06-06 04:29,11015339,L,1,2,0,13,50,13,50,2,2011-06-06 04:23,2011-06-06 04:26,2011-06-06 04:29,2011-06-06 06:10,2,,2,Gamble St,,,,5,,,Eugenia St,,4,3,3,1,5,1,1,,3,11,1,,3,1,,,1,,,1,,,,,7406,Officer,,,,,Tallahassee Police Department,2,2011-06-08 07:39,,,,,,,,,,,,,,,,,,,,,,,,,,,,,,,,,,,,,,,,,,,,,,,,,,,,,,,,,,,,,,
90838914,2011,2011-03-01 15:40,2011-03-02 00:00,1142854,L,1,2,0,13,50,LEON,TALLAHASSEE,2,2011-03-01 15:42,2011-03-01 15:47,2011-03-01 16:16,2011-03-01 16:40,2,,2,THOMASVILLE ROAD,IFO 1909,,,,,,,,3,3,3,1,1,1,1,1,3,11,10,1,4,1,,,1,,,1,,,,,458,DEPUTY,RICHARD,,ONEAL,,LEON COUNTY SHERIFFS OFFICE,2,2011-06-17 13:21,,,,,,,,,,,,,,,,,,,,,,,,,,,,,,,,,,,,,,,,,,,,,,,,,,,,,,,,,,,,,,
90838925,2011,2011-03-01 08:00,2011-03-01 00:00,1142342,L,1,2,0,13,0,LEON,TALLAHASSEE,1,2011-03-01 08:02,2011-03-01 08:02,2011-03-01 08:06,2011-03-01 09:06,2,,1,CHAMPAGNE DRIVE,,,,50,,S,ORLEANS DRIVE,,5,2,1,1,1,1,2,1,4,11,1,1,1,1,,,4,,,1,,,,,386,,P,G,MORAN,,LCSO,2,2011-06-17 13:21,,,,,,,,,,,,,,,,,,,,,,,,,,,,,,,,,,,,,,,,,,,,,,,,,,,,,,,,,,,,,,
71901889,2011,2011-06-22 11:33,2011-06-22 11:51,11016873,L,1,2,0,13,50,13,50,2,2011-06-22 11:35,2011-06-22 11:36,2011-06-22 11:37,2011-06-22 12:24,2,,2,Call St,,,,,,,Duval St,,5,3,77,1,1,2,1,1,3,11,1,1,3,1,,,1,,,1,,,,,63006,Officer,,,,,Tallahassee Police Department,2,2011-06-25 07:38,,,,,,,,,,,,,,,,,,,,,,,,,,,,,,,,,,,,,,,,,,,,,,,,,,,,,,,,,,,,,,
71901907,2011,2011-06-23 02:49,2011-06-23 04:39,11016950,L,1,2,0,13,50,13,50,2,2011-06-23 02:49,2011-06-23 02:49,2011-06-23 02:49,,2,,2,Thomasville Rd,,,,50,,E,E 7TH Ave,,3,3,1,2,4,1,1,1,77,11,1,1,1,1,,,1,,,1,,,,,93788,Officer,,,,,Tallahassee Police Department,2,2011-06-25 07:38,,,,,,,,,,,,,,,,,,,,,,,,,,,,,,,,,,,,,,,,,,,,,,,,,,,,,,,,,,,,,,
71901634,2011,2011-06-07 10:45,2011-06-07 11:05,11015447,L,1,2,0,13,50,13,50,2,2011-06-07 10:47,2011-06-07 10:53,2011-06-07 10:56,2011-06-07 11:40,2,,2,N Macomb St,,,,,,,S Virginia St,,5,3,2,1,1,2,1,1,3,11,1,1,2,1,,,1,,,1,,,,,63006,Officer,,,,,Tallahassee Police Department,2,2011-06-21 07:39,,,,,,,,,,,,,,,,,,,,,,,,,,,,,,,,,,,,,,,,,,,,,,,,,,,,,,,,,,,,,,
71901772,2011,2011-06-15 15:24,2011-06-15 16:09,11016217,L,1,2,0,13,50,13,50,2,2011-06-15 15:24,2011-06-15 15:25,2011-06-15 15:27,2011-06-15 16:00,2,,1,N SR 265 Magnolia Drive Dr,,,,,,,E Park Ave,,3,3,2,1,1,1,1,1,3,11,1,2,15,1,,,1,,,1,,,,,55237,Officer,,,,,Tallahassee Police Department,2,2011-06-21 07:40,,,,,,,,,,,,,,,,,,,,,,,,,,,,,,,,,,,,,,,,,,,,,,,,,,,,,,,,,,,,,,
71901780,2011,2011-06-16 07:35,2011-06-16 07:59,11016278,L,1,2,0,13,50,13,50,2,2011-06-16 07:35,2011-06-16 07:36,2011-06-16 07:38,2011-06-16 08:25,2,,2,US 319 SE Capital Circle Hwy,,,,,,,Drayton Dr,,2,3,3,1,1,2,1,1,3,11,1,1,1,1,,,1,,,1,,,,,97672,OFFICER,,,,,Tallahassee Police Department,2,2011-06-21 07:40,,,,,,,,,,,,,,,,,,,,,,,,,,,,,,,,,,,,,,,,,,,,,,,,,,,,,,,,,,,,,,
71977659,2011,2011-05-03 22:26,2011-05-03 00:00,1188770,L,1,2,0,13,50,LEON,TALLAHASSEE,2,2011-05-03 22:26,2011-05-03 22:26,2011-05-03 22:26,2011-05-03 23:40,2,,2,NORTH MONROE STREET,,,,1300,,N,CALLAWAY ROAD,,2,1,1,1,4,1,1,1,1,11,1,1,1,1,,,1,,,1,,,,,561,DEP,D,,GANEY,,LEON CO SO,2,2011-07-01 13:33,,,,,,,,,,,,,,,,,,,,,,,,,,,,,,,,,,,,,,,,,,,,,,,,,,,,,,,,,,,,,,
71902035,2011,2011-06-29 18:58,2011-06-29 19:28,11017591,L,1,3,0,13,50,13,50,2,2011-06-29 18:58,2011-06-29 19:06,2011-06-29 19:07,2011-06-29 19:29,2,,2,Governors Square Blvd,,,,,,,SR 265,,5,2,2,1,1,2,1,1,3,11,1,1,1,1,,,1,,,1,,,,,22154,Officer,,,,,Tallahassee Police Department,2,2011-07-01 07:37,,,,,,,,,,,,,,,,,,,,,,,,,,,,,,,,,,,,,,,,,,,,,,,,,,,,,,,,,,,,,,
71902073,2011,2011-07-01 18:58,2011-07-01 19:31,11017807,L,1,1,0,13,50,13,50,2,2011-07-01 18:58,2011-07-01 19:00,2011-07-01 19:17,2011-07-01 19:54,2,,2,Shelfer Rd,4495,,,,,,,,9,3,1,1,1,3,2,1,88,11,2,1,1,1,,,1,,,1,,,,,98530,Officer,,,,,Tallahassee Police Department,2,2011-07-09 07:38,,,,,,,,,,,,,,,,,,,,,,,,,,,,,,,,,,,,,,,,,,,,,,,,,,,,,,,,,,,,,,
71977781,2011,2011-05-19 07:36,2011-05-19 00:00,1199777,L,1,2,0,13,0,LEON,TALLAHASSEE,2,2011-05-19 07:36,2011-05-19 07:36,2011-05-19 07:36,2011-05-19 08:09,2,,1,BLAIRSTONE ROAD,2720,,,,,,,,9,1,77,1,1,1,1,1,77,11,10,1,4,1,,,1,,,1,,,,,145,SGT,L,,SEAY,,LCSO,2,2011-07-18 10:40,,,,,,,,,,,,,,,,,,,,,,,,,,,,,,,,,,,,,,,,,,,,,,,,,,,,,,,,,,,,,,
71902620,2011,2011-07-31 00:27,2011-07-31 01:13,11020644,L,2,2,0,13,50,13,50,2,2011-07-31 00:27,2011-07-31 00:27,2011-07-31 00:30,2011-07-31 01:15,2,,2,W Virginia St,,,,,,,Bronough St,,5,3,2,1,4,1,1,1,3,11,1,2,2,1,,,1,,,1,,,,,94921,Officer,,,,,Tallahassee Police Department,2,2011-08-06 07:45,,,,,,,,,,,,,,,,,,,,,,,,,,,,,,,,,,,,,,,,,,,,,,,,,,,,,,,,,,,,,,
71902713,2011,2011-08-04 09:03,2011-08-04 12:41,11021074,L,1,3,0,13,50,13,50,2,2011-08-04 09:03,2011-08-04 09:04,2011-08-04 09:05,2011-08-04 10:00,2,,2,S US 27  Apalachee,,,,,,,Paul Russell Rd,,2,3,2,1,1,1,1,1,3,11,1,2,2,1,,,1,,,1,,,,,93095,Officer,,,,,Tallahassee Police Department,2,2011-08-06 07:45,,,,,,,,,,,,,,,,,,,,,,,,,,,,,,,,,,,,,,,,,,,,,,,,,,,,,,,,,,,,,,
71902759,2011,2011-08-06 09:07,2011-08-06 10:13,11021274,L,1,3,0,13,50,13,50,2,2011-08-06 09:07,2011-08-06 09:08,2011-08-06 09:10,2011-08-06 09:42,2,,1,E US90 Dr,,,,,,,E Capital Cir,,2,3,2,1,1,2,1,1,3,11,1,1,2,1,,,1,,,1,,,,,67203,Officer,,,,,Tallahassee Police Department,2,2011-08-13 07:37,,,,,,,,,,,,,,,,,,,,,,,,,,,,,,,,,,,,,,,,,,,,,,,,,,,,,,,,,,,,,,
71902801,2011,2011-08-09 09:30,2011-08-09 12:45,11021533,L,1,2,0,13,50,13,50,2,2011-08-09 09:31,2011-08-09 09:31,2011-08-09 09:34,2011-08-09 10:05,2,,2,US 90 Tennessee St,,,,1,,S,Appleyard Dr,,3,3,2,1,1,1,1,1,3,11,1,1,3,1,,,1,,,1,,,,,10029,Officer,,,,,Tallahassee Police Department,2,2011-08-13 07:37,,,,,,,,,,,,,,,,,,,,,,,,,,,,,,,,,,,,,,,,,,,,,,,,,,,,,,,,,,,,,,
71902794,2011,2011-08-09 01:15,2011-08-09 01:43,11021507,L,1,2,0,13,50,13,50,2,2011-08-09 01:15,2011-08-09 01:16,2011-08-09 01:16,2011-08-09 01:46,2,,2,US Highway 27 N Monroe St,,,,2,,S,I10 Westbound Off Ramp,,2,3,2,1,4,1,1,1,3,11,1,1,3,1,,,1,,,1,,,,,97392,Officer,,,,,Tallahassee Police Department,2,2011-08-13 07:37,,,,,,,,,,,,,,,,,,,,,,,,,,,,,,,,,,,,,,,,,,,,,,,,,,,,,,,,,,,,,,
71903006,2011,2011-08-23 15:14,2011-08-23 15:49,11022904,L,2,2,0,13,50,13,50,2,2011-08-23 15:14,2011-08-23 15:16,2011-08-23 15:17,2011-08-23 15:45,2,,2,Killarney Way,2121,,,,,,,,9,3,1,1,1,2,1,1,3,11,2,1,4,1,,,1,,,1,,,,,10850,Officer,,,,,Tallahassee Police Department,2,2011-08-27 07:38,,,,,,,,,,,,,,,,,,,,,,,,,,,,,,,,,,,,,,,,,,,,,,,,,,,,,,,,,,,,,,
71903170,2011,2011-08-30 14:00,2011-08-30 20:51,11023660,L,1,2,0,13,50,13,50,2,2011-08-30 14:14,2011-08-30 14:37,2011-08-30 14:39,2011-08-30 14:39,2,,2,Mission Rd,3112,,,,,,,,8,3,77,1,1,2,1,1,77,11,2,1,4,1,,,88,,,1,,,,,86418,Officer,,,,,Tallahassee Police Department,2,2011-09-07 13:48,,,,,,,,,,,,,,,,,,,,,,,,,,,,,,,,,,,,,,,,,,,,,,,,,,,,,,,,,,,,,,
71903363,2011,2011-09-11 16:17,2011-09-11 16:53,11024943,L,1,2,0,13,50,13,50,2,2011-09-11 16:19,2011-09-11 16:22,2011-09-11 16:24,2011-09-11 17:22,2,,2,Caliark St,,,,5,,E,S Tennessee St,,5,3,3,1,1,2,1,1,3,11,1,1,1,1,,,1,,,1,,,,,94051,Officer,,,,,Tallahassee Police Department,2,2011-09-17 07:37,,,,,,,,,,,,,,,,,,,,,,,,,,,,,,,,,,,,,,,,,,,,,,,,,,,,,,,,,,,,,,
71903455,2011,2011-09-17 19:55,2011-09-17 20:30,11025556,L,2,2,0,13,50,13,50,2,2011-09-17 19:55,2011-09-17 19:56,2011-09-17 19:58,2011-09-17 20:25,2,,2,N Copeland St,,,,5,,S,Park Ave,,5,3,2,1,4,1,1,1,3,11,1,1,2,1,,,1,,,1,,,,,98076,Officer,,,,,Tallahassee Police Department,2,2011-09-28 07:09,,,,,,,,,,,,,,,,,,,,,,,,,,,,,,,,,,,,,,,,,,,,,,,,,,,,,,,,,,,,,,
71978139,2011,2011-07-19 10:33,2011-07-19 00:00,11145732,L,1,4,0,13,0,LEON,TALLAHASSEE,1,2011-07-19 10:33,2011-07-19 10:35,2011-07-19 10:37,2011-07-19 14:18,1,THI INVESTIGATION,1,TRAM ROAD,,,,,1.5,E,CAPITAL CIRCLE SE,,4,2,1,1,1,1,1,1,1,11,1,88,1,1,,,1,,,1,,,,,437,,RYAN,,MORLEY,,LEON COUNTY SHERIFFS OFFICE,2,2011-09-28 16:22,,,,,,,,,,,,,,,,,,,,,,,,,,,,,,,,,,,,,,,,,,,,,,,,,,,,,,,,,,,,,,
71903280,2011,2011-09-06 12:24,2011-09-06 13:39,11024397,L,1,2,0,13,50,13,50,2,2011-09-06 12:24,,,,2,,2,US 90,,,,,,,Brevard St,,2,3,4,1,1,1,1,1,3,11,1,1,2,1,,,1,,,1,,,,,92041,Officer,,,,,Tallahassee Police Department,2,2011-10-07 07:08,,,,,,,,,,,,,,,,,,,,,,,,,,,,,,,,,,,,,,,,,,,,,,,,,,,,,,,,,,,,,,
71903542,2011,2011-09-23 17:05,2011-09-23 18:34,11026175,L,1,2,0,13,50,13,50,2,2011-09-23 17:05,2011-09-23 17:06,2011-09-23 17:09,2011-09-23 17:39,2,,2,Holmes St,,,,0,,,McCaskill Ave,,5,3,2,1,1,1,1,1,3,11,1,1,1,1,,,1,,,1,,,,,97962,OFFICER,,,,,Tallahassee Police Department,2,2011-10-07 07:09,,,,,,,,,,,,,,,,,,,,,,,,,,,,,,,,,,,,,,,,,,,,,,,,,,,,,,,,,,,,,,
71903547,2011,2011-09-24 10:11,2011-09-24 10:45,11026242,L,2,2,0,13,50,13,50,2,2011-09-24 10:11,2011-09-24 10:12,2011-09-24 10:14,2011-09-24 10:46,2,,2,Eppes St,,,,5,,S,Jackson Bluff Rd,,5,2,3,1,1,1,1,1,3,11,1,1,1,1,,,1,,,1,,,,,15410,Officer,,,,,Tallahassee Police Department,2,2011-10-07 07:09,,,,,,,,,,,,,,,,,,,,,,,,,,,,,,,,,,,,,,,,,,,,,,,,,,,,,,,,,,,,,,
71903319,2011,2011-09-08 20:00,2011-09-09 01:20,11024636,L,2,1,0,13,50,13,50,2,2011-09-08 20:46,2011-09-08 20:46,2011-09-08 21:02,2011-09-08 21:19,2,,2,US 90 Hwy,,,,,,,W Call St,,2,3,3,1,2,1,1,1,4,11,1,2,3,1,,,1,,,1,,,,,96622,Officer,,,,,Tallahassee Police Department,2,2011-10-07 07:08,,,,,,,,,,,,,,,,,,,,,,,,,,,,,,,,,,,,,,,,,,,,,,,,,,,,,,,,,,,,,,
71903684,2011,2011-10-05 20:16,2011-10-05 20:37,11027314,L,1,2,0,13,50,13,50,2,2011-10-05 20:16,2011-10-05 20:16,2011-10-05 20:17,2011-10-05 20:36,2,,2,HWY 20,2020,,,,,,,,3,3,1,1,5,1,1,1,3,11,3,,,1,,,1,,,1,,,,,98566,Officer,,,,,Tallahassee Police Department,2,2011-10-07 07:10,,,,,,,,,,,,,,,,,,,,,,,,,,,,,,,,,,,,,,,,,,,,,,,,,,,,,,,,,,,,,,
71903660,2011,2011-10-04 06:31,2011-10-04 06:31,11027120,L,2,2,0,13,50,13,50,2,2011-10-04 06:31,2011-10-04 06:32,2011-10-04 06:34,2011-10-04 07:53,2,,2,NORTH Capital   US 319 Cir,,,,500,,S,Mahan Dr,,3,3,1,1,4,1,1,1,2,11,1,,,1,,,1,,,1,,,,,89614,Officer,,,,,Tallahassee Police Department,2,2011-10-14 07:08,,,,,,,,,,,,,,,,,,,,,,,,,,,,,,,,,,,,,,,,,,,,,,,,,,,,,,,,,,,,,,
71903661,2011,2011-10-03 12:15,2011-10-04 07:53,11027127,L,2,1,0,13,50,13,50,2,2011-10-04 07:53,2011-10-04 08:00,2011-10-04 08:11,2011-10-04 09:06,1,Hit & run,2,Appleyard Dr,,,,,,,W Pensacola St,,5,3,2,1,1,1,1,1,3,11,1,,,1,,,1,,,1,,,,,89614,Officer,,,,,Tallahassee Police Department,2,2011-10-14 07:08,,,,,,,,,,,,,,,,,,,,,,,,,,,,,,,,,,,,,,,,,,,,,,,,,,,,,,,,,,,,,,
71903694,2011,2011-10-04 07:53,2011-10-04 16:02,11027153,L,2,2,0,13,50,13,50,2,2011-10-04 07:53,2011-10-04 07:54,2011-10-04 08:04,2011-10-04 08:10,2,,2,WEST Call St,,,,,,,Chapel Dr,,5,3,2,1,1,1,1,1,3,11,1,1,1,1,,,3,,,1,,,,,15410,Officer,,,,,Tallahassee Police Department,2,2011-10-14 07:08,,,,,,,,,,,,,,,,,,,,,,,,,,,,,,,,,,,,,,,,,,,,,,,,,,,,,,,,,,,,,,
71904186,2011,2011-11-12 22:00,2011-12-01 10:05,11031206,U,1,0,0,13,50,13,50,2,2011-11-12 22:30,2011-11-12 22:30,2011-11-12 22:30,2011-11-12 22:59,2,,2,Ocala Rd,1001,,,,,,,,5,3,1,1,4,1,1,1,77,11,2,,,1,,,1,,,1,,,,,92304,Officer,,,,,Tallahassee Police Department,2,2012-02-22 10:24,,,,,,,,,,,,,,,,,,,,,,,,,,,,,,,,,,,,,,,,,,,,,,,,,,,,,,,,,,,,,,
71903998,2011,2011-10-27 12:47,2011-10-27 13:33,11029596,L,1,2,0,13,50,13,50,2,2011-10-27 12:48,2011-10-27 12:50,2011-10-27 12:54,2011-10-27 13:35,2,,2,US 90 West Tennessee Street Hwy,,,,,,,Conradi St,,2,3,2,1,1,1,1,1,,11,1,1,2,1,,,1,,,1,,,,,83202,Officer,,,,,Tallahassee Police Department,2,2011-11-16 07:10,,,,,,,,,,,,,,,,,,,,,,,,,,,,,,,,,,,,,,,,,,,,,,,,,,,,,,,,,,,,,,
71904133,2011,2011-11-04 13:31,2011-11-07 18:25,11030676,L,1,2,0,13,50,13,50,2,2011-11-04 13:31,2011-11-04 13:32,2011-11-04 13:36,2011-11-04 13:43,2,,2,U S 319 NE Capital Circle,,,,525,,N,Eastgate Way,,2,3,3,1,1,77,77,1,3,11,1,,1,1,,,1,,,1,,,,,95312,Officer,,,,,Tallahassee Police Department,2,2011-11-17 07:07,,,,,,,,,,,,,,,,,,,,,,,,,,,,,,,,,,,,,,,,,,,,,,,,,,,,,,,,,,,,,,
71904265,2011,2011-11-17 17:50,2011-11-17 18:40,11031669,L,1,2,0,13,50,13,50,2,2011-11-17 17:52,2011-11-17 17:53,2011-11-17 17:55,2011-11-17 19:18,2,,1,SR 265,,,,,,,Governors Square Blvd,,3,1,2,1,2,1,1,1,77,11,1,1,1,1,,,1,,,1,,,,,98625,Officer,,,,,Tallahassee Police Department,2,2011-11-19 07:12,,,,,,,,,,,,,,,,,,,,,,,,,,,,,,,,,,,,,,,,,,,,,,,,,,,,,,,,,,,,,,
71904266,2011,2011-11-17 16:20,2011-11-17 17:52,11031663,L,1,1,0,13,50,13,50,2,2011-11-17 16:26,2011-11-17 16:31,2011-11-17 16:55,2011-11-17 17:35,1,Hit and run,2,Joyner Dr,,,,40,,E,Old Bainbridge Rd,,5,2,1,1,1,1,1,1,3,11,1,1,1,1,,,1,,,1,,,,,94051,Officer,,,,,Tallahassee Police Department,2,2011-11-19 07:12,,,,,,,,,,,,,,,,,,,,,,,,,,,,,,,,,,,,,,,,,,,,,,,,,,,,,,,,,,,,,,
71904085,2011,2011-11-02 20:08,2011-11-02 20:19,11030254,L,2,2,0,13,50,13,50,2,2011-11-02 20:08,2011-11-02 20:11,2011-11-02 20:11,2011-11-02 20:56,2,,2,Mabry St,,,,,,,Jackson Bluff Rd,,5,3,2,1,4,1,1,1,3,11,1,1,2,1,,,1,,,1,,,,,98530,Officer,,,,,Tallahassee Police Department,2,2011-11-17 07:06,,,,,,,,,,,,,,,,,,,,,,,,,,,,,,,,,,,,,,,,,,,,,,,,,,,,,,,,,,,,,,
71904217,2011,2011-11-14 16:45,2011-11-14 18:18,11031371,L,2,2,0,13,50,13,50,2,2011-11-14 16:48,2011-11-14 16:48,2011-11-14 16:48,2011-11-14 17:45,2,,2,SR 366  W Pensacola St,,,,100,,E,Fifield Ln,,3,3,1,1,1,1,1,1,3,11,1,,4,1,,,1,,,1,,,,,69508,Officer,,,,,Tallahassee Police Department,2,2011-11-17 08:02,,,,,,,,,,,,,,,,,,,,,,,,,,,,,,,,,,,,,,,,,,,,,,,,,,,,,,,,,,,,,,
71904147,2011,2011-11-08 17:13,2011-11-08 18:52,11030773,L,2,1,0,13,50,13,50,2,2011-11-08 17:13,2011-11-08 17:19,2011-11-08 17:41,2011-11-08 17:46,1,Hit and Run,2,McLaughlin Dr,,,,,,,E Shamrock,,5,3,3,1,1,1,1,1,77,11,1,1,2,1,,,1,,,1,,,,,98793,Officer,,,,,Tallahassee Police Department,2,2011-11-17 08:01,,,,,,,,,,,,,,,,,,,,,,,,,,,,,,,,,,,,,,,,,,,,,,,,,,,,,,,,,,,,,,
10877257,2011,2011-10-06 18:45,2011-10-06 00:00,11100071,L,1,5,0,13,40,LEON,FLORIDA STATE UNIVERSITY,2,2011-10-06 18:49,2011-10-06 18:49,2011-10-06 18:49,2011-10-06 19:45,2,,1,JEFFERSON STREEET,840,,,,,,,,5,1,2,1,1,1,1,1,3,11,1,2,3,1,,,1,,,1,,,,,456,,CHRIS,,BLAIR,,FSU POLICE DEPARTMENT,3,2011-12-27 10:48,,,,,,,,,,,,,,,,,,,,,,,,,,,,,,,,,,,,,,,,,,,,,,,,,,,,,,,,,,,,,,
71979117,2011,2011-12-14 10:45,2011-12-14 00:00,11251794,L,2,1,0,13,0,LEON,UNINCORPORATED,2,2011-12-14 10:45,2011-12-14 10:49,2011-12-14 10:52,2011-12-14 12:00,2,,1,100,6005,,,,,,,,3,2,1,1,1,1,1,1,3,11,8,1,1,1,,,1,,,1,,,,,290,DEPUTY,RAYMOND,,SIMS,,LEON COUNTY,2,2012-01-03 10:04,,,,,,,,,,,,,,,,,,,,,,,,,,,,,,,,,,,,,,,,,,,,,,,,,,,,,,,,,,,,,,
71899154,2011,2011-02-11 15:00,2011-03-02 09:10,11004075,U,1,1,0,13,50,13,50,2,2011-02-11 18:24,2011-02-11 18:44,2011-02-11 18:48,2011-02-11 19:15,2,,2,Stadium Dr,,,,,,,Conradi Sq,,5,3,2,1,1,1,1,1,77,11,1,1,1,1,,,1,,,1,,,,,43769,Investigator,,,,,Tallahassee Police Department,2,2012-02-03 09:24,,,,,,,,,,,,,,,,,,,,,,,,,,,,,,,,,,,,,,,,,,,,,,,,,,,,,,,,,,,,,,
71901149,2011,2011-05-14 17:54,2011-06-07 07:47,11013188,U,2,1,0,13,50,13,50,2,2011-05-14 17:55,2011-05-14 17:56,2011-05-14 18:00,2011-05-14 18:23,2,,2,Dewey St,,,,30,,E,Brevard St,,5,3,1,1,1,1,1,1,77,11,1,1,1,1,,,1,,,1,,,,,43769,Investigator,,,,,Tallahassee Police Department,2,2012-04-24 10:20,,,,,,,,,,,,,,,,,,,,,,,,,,,,,,,,,,,,,,,,,,,,,,,,,,,,,,,,,,,,,,
71905276,2012,2012-02-15 07:30,2012-02-15 08:21,12004213,L,1,2,0,13,50,13,50,2,2012-02-15 07:39,2012-02-15 07:41,2012-02-15 08:03,2012-02-15 08:13,2,,1,SR 146 Hwy,,,,,,,Marys Dr,,3,3,3,1,3,3,2,1,3,11,1,1,2,1,,,1,,,1,,,,,10163,Officer,,,,,Tallahassee Police Department,2,2012-02-17 10:27,,,,,,,,,,,,,,,,,,,,,,,,,,,,,,,,,,,,,,,,,,,,,,,,,,,,,,,,,,,,,,
71904991,2012,2012-01-25 13:18,2012-01-25 14:36,12002254,L,1,2,0,13,50,13,50,2,2012-01-25 13:18,2012-01-25 13:18,2012-01-25 13:19,2012-01-25 13:30,2,,2,SR 363,,,,100,,E,S College Ave,,3,3,1,1,1,1,1,1,3,11,2,1,1,1,,,3,,,1,,,,,10542,Officer,,,,,Tallahassee Police Department,2,2012-01-27 08:01,,,,,,,,,,,,,,,,,,,,,,,,,,,,,,,,,,,,,,,,,,,,,,,,,,,,,,,,,,,,,,
71905374,2012,2012-02-23 09:23,2012-02-23 10:34,12004929,L,2,2,0,13,50,13,50,2,2012-02-23 09:23,2012-02-23 09:24,2012-02-23 09:26,,2,,2,US 319 Capital Circle NE Hwy,,,,180,,N,Hermitage Blvd,,2,3,1,1,1,2,1,1,3,11,1,1,4,1,,,1,,,1,,,,,81460,Officer,,,,,Tallahassee Police Department,2,2012-02-25 10:18,,,,,,,,,,,,,,,,,,,,,,,,,,,,,,,,,,,,,,,,,,,,,,,,,,,,,,,,,,,,,,
71904770,2012,2012-01-06 13:04,2012-01-06 13:04,12000503,L,2,2,0,13,50,13,50,2,2012-01-06 13:04,2012-01-06 14:59,2012-01-06 15:36,2012-01-06 16:00,1,Issue of traffic citation,2,Rivoli Rd,,,,,,,Overstreet St,,5,2,3,1,1,2,1,1,4,11,1,1,2,1,,,1,,,1,,,,,15410,Officer,,,,,Tallahassee Police Department,2,2012-01-18 07:20,,,,,,,,,,,,,,,,,,,,,,,,,,,,,,,,,,,,,,,,,,,,,,,,,,,,,,,,,,,,,,
71904794,2012,2012-01-09 11:57,2012-01-09 13:44,12000749,L,1,2,0,13,50,13,50,2,2012-01-09 11:57,2012-01-09 11:58,2012-01-09 12:02,2012-01-09 13:30,2,,2,WEST US 90 Hwy,,,,700,,E,Appleyard Dr,,2,3,3,1,1,1,1,1,3,11,1,1,4,1,,,1,,,1,,,,,32408,Officer,,,,,Tallahassee Police Department,2,2012-01-18 07:21,,,,,,,,,,,,,,,,,,,,,,,,,,,,,,,,,,,,,,,,,,,,,,,,,,,,,,,,,,,,,,
71905080,2012,2012-01-31 20:45,2012-01-31 21:18,12002861,L,2,2,0,13,50,13,50,2,2012-01-31 20:46,2012-01-31 20:47,2012-01-31 20:49,2012-01-31 21:19,2,,2,WEST Call St,,,,,,,Conradi St,,5,3,2,1,5,1,1,1,3,11,1,1,1,1,,,1,,,1,,,,,95309,Officer,,,,,Tallahassee Police Department,2,2012-02-03 09:24,,,,,,,,,,,,,,,,,,,,,,,,,,,,,,,,,,,,,,,,,,,,,,,,,,,,,,,,,,,,,,
71905091,2012,2012-02-01 07:25,2012-02-01 09:21,12002893,L,2,1,0,13,50,13,50,2,2012-02-01 07:28,2012-02-01 07:30,2012-02-01 08:02,2012-02-01 08:45,2,,2,SOUTH Lake Bradford Rd,,,,100,,N,McCaskill Ave,,5,3,1,1,1,1,1,1,3,11,2,1,77,1,,,1,,,1,,,,,47503,Officer,,,,,Tallahassee Police Department,2,2012-02-10 09:27,,,,,,,,,,,,,,,,,,,,,,,,,,,,,,,,,,,,,,,,,,,,,,,,,,,,,,,,,,,,,,
71905172,2012,2012-02-07 17:47,2012-02-07 21:20,12003523,L,1,2,0,13,50,13,50,2,2012-02-07 17:47,2012-02-07 17:49,2012-02-07 17:52,2012-02-07 19:00,2,,2,NORTH US 27 Monroe St,,,,,,,EAST 5TH Ave,,2,3,2,1,1,2,1,1,3,11,1,1,1,1,,,1,,,1,,,,,6364,Officer,,,,,Tallahassee Police Department,2,2012-02-09 09:28,,,,,,,,,,,,,,,,,,,,,,,,,,,,,,,,,,,,,,,,,,,,,,,,,,,,,,,,,,,,,,
71979300,2012,2012-01-07 00:00,2012-01-07 00:00,124226,L,1,2,0,13,0,LEON,TALLAHASSEE,1,2012-01-07 15:47,2012-01-07 15:48,2012-01-07 15:52,2012-01-07 16:51,2,,1,BRADFORDVILLE ROAD,,,,100,,W,CHAIRES SAMUEL ROAD,,4,2,1,1,1,1,1,1,4,11,1,1,1,1,,,1,,,1,,,,,206,DEPUTY,M,K,HUBERT,,LEON CO SO,2,2012-03-09 14:39,,,,,,,,,,,,,,,,,,,,,,,,,,,,,,,,,,,,,,,,,,,,,,,,,,,,,,,,,,,,,,
71976923,2012,2012-01-23 07:34,2012-01-23 00:00,1214761,L,1,2,0,13,0,LEON,UNINCORPORATED,1,2012-01-23 11:29,2012-01-23 11:29,2012-01-23 11:29,2012-01-23 11:29,2,,2,PARKING LOT OF RIDGE ELEMENTARY SCHOOL SHELFER RD,4530,,,,,,,,9,3,1,1,2,1,1,1,77,11,8,1,88,1,,,1,,,1,,,,,482,DEPUTY,JESSICA,,IKNER,,LEON CO SO,2,2012-03-16 08:55,,,,,,,,,,,,,,,,,,,,,,,,,,,,,,,,,,,,,,,,,,,,,,,,,,,,,,,,,,,,,,
71905631,2012,2012-03-13 16:08,2012-03-13 22:17,12006702,L,1,1,0,13,50,13,50,2,2012-03-13 16:08,2012-03-13 16:09,2012-03-13 16:29,2012-03-13 17:01,1,Hit & Run,2,US 27 North Monroe St,1942,,,,,,,,9,3,1,1,1,1,1,1,77,11,10,1,4,1,,,1,,,1,,,,,96890,OFFICER,,,,,Tallahassee Police Department,2,2012-03-27 10:39,,,,,,,,,,,,,,,,,,,,,,,,,,,,,,,,,,,,,,,,,,,,,,,,,,,,,,,,,,,,,,
71905818,2012,2012-03-28 09:36,2012-03-28 09:36,12008247,L,2,2,0,13,50,13,50,2,2012-03-28 09:36,2012-03-28 09:40,2012-03-28 10:01,2012-03-28 10:45,2,,2,Franklin Blvd,,,,,,,EAST Call St,,5,3,2,1,1,1,1,1,3,11,1,,,1,,,1,,,1,,,,,89614,Officer,,,,,Tallahassee Police Department,2,2012-04-03 10:26,,,,,,,,,,,,,,,,,,,,,,,,,,,,,,,,,,,,,,,,,,,,,,,,,,,,,,,,,,,,,,
1775600,2012,2012-03-12 14:34,2012-03-12 00:00,12030070,L,1,2,0,13,40,LEON,FLORIDA STATE UNIVERSITY,2,2012-03-12 14:36,2012-03-12 14:36,2012-03-12 14:36,2012-03-12 14:49,2,,2,WOODWARD AVENUE,,,,,,,JEFFERSON STREET,,5,3,2,1,1,2,1,1,77,11,1,1,2,1,,,1,,,1,,,,,415,OFC,S,,BARRETT,,FLORIDA STATE UNIV POLICE,3,2012-04-12 19:04,,,,,,,,,,,,,,,,,,,,,,,,,,,,,,,,,,,,,,,,,,,,,,,,,,,,,,,,,,,,,,
71905992,2012,2012-04-10 06:45,2012-04-10 07:26,12009615,L,2,2,0,13,50,13,50,2,2012-04-10 06:45,2012-04-10 06:45,2012-04-10 06:49,2012-04-10 07:15,2,,1,US 319 Hwy,,,,125,,N,Greenbrier Ln,,2,3,1,1,6,1,1,1,77,11,1,1,1,1,,,1,,,1,,,,,10163,Officer,,,,,Tallahassee Police Department,2,2012-04-14 11:41,,,,,,,,,,,,,,,,,,,,,,,,,,,,,,,,,,,,,,,,,,,,,,,,,,,,,,,,,,,,,,
71905887,2012,2012-04-02 14:02,2012-04-02 14:31,12008816,L,1,3,0,13,50,13,50,2,2012-04-02 14:04,2012-04-02 14:05,2012-04-02 14:10,2012-04-02 15:32,2,,1,US 319,,,,200,,N,Hermitage Blvd,,2,1,1,1,1,1,1,1,77,11,1,1,1,1,,,1,,,1,,,,,98625,Officer,,,,,Tallahassee Police Department,2,2012-04-14 11:41,,,,,,,,,,,,,,,,,,,,,,,,,,,,,,,,,,,,,,,,,,,,,,,,,,,,,,,,,,,,,,
71906156,2012,2012-04-23 17:15,2012-06-11 19:58,12010913,U,1,1,0,13,50,13,50,2,2012-04-23 17:22,2012-04-23 17:22,2012-04-23 17:24,2012-04-23 18:12,2,,2,Appleyard Dr,475,,,,,,,,5,3,1,1,1,1,1,1,3,11,8,1,1,1,,,1,,,1,,,,,98567,Officer,,,,,Tallahassee Police Department,2,2012-06-23 10:19,,,,,,,,,,,,,,,,,,,,,,,,,,,,,,,,,,,,,,,,,,,,,,,,,,,,,,,,,,,,,,
71906251,2012,2012-05-01 06:36,2012-05-01 07:52,12011645,L,1,2,0,13,50,13,50,2,2012-05-01 06:36,2012-05-01 06:37,2012-05-01 06:48,2012-05-01 07:54,2,,2,Thomasville Rd,,,,20,,S,US 27 Raymond Diehl Rd,,2,3,2,1,3,1,1,1,4,11,1,1,14,1,,,1,,,1,,,,,39306,Officer,,,,,Tallahassee Police Department,2,2012-05-05 10:28,,,,,,,,,,,,,,,,,,,,,,,,,,,,,,,,,,,,,,,,,,,,,,,,,,,,,,,,,,,,,,
71976129,2012,2012-05-01 00:00,2012-05-02 09:19,120087243,L,1,2,0,13,50,Leon,Tallahassee,2,2012-05-01 08:15,2012-05-01 08:15,2012-05-01 08:15,2012-05-01 08:56,2,,2,APPLEYARD DRIVE,,,,0,,N,PENSACOLA STREET,,5,3,2,,1,1,1,1,3,11,1,1,1,1,,,1,,,1,,,,,10228,Dep.,,,,,Leon County Sheriff's Office,3,2012-05-05 10:29,,,,,,,,,,,,,,,,,,,,,,,,,,,,,,,,,,,,,,,,,,,,,,,,,,,,,,,,,,,,,,
71976130,2012,2012-05-01 00:00,2012-05-02 13:40,120087350,L,1,3,0,13,50,Leon,Tallahassee,2,2012-05-01 10:10,2012-05-01 10:10,2012-05-01 10:10,2012-05-01 10:37,2,,2,PENSACOLA STREET,2325,,,0,,N,,,77,3,1,,1,1,1,1,6,11,2,1,1,1,,,1,,,1,,,,,10228,Dep.,,,,,Leon County Sheriff's Office,3,2012-05-05 10:29,,,,,,,,,,,,,,,,,,,,,,,,,,,,,,,,,,,,,,,,,,,,,,,,,,,,,,,,,,,,,,
73169878,2012,2012-04-04 10:05,2012-04-04 00:00,12040039,L,2,1,0,13,40,LEON,FLORIDA STATE UNIVERSITY,2,2012-04-04 18:24,2012-04-04 18:24,2012-04-04 18:35,2012-04-04 18:50,2,,1,PALM CT,,,,,,,MACOMB ST,,5,3,3,1,1,1,1,1,3,11,1,88,2,1,,,1,,,88,,,,,443,OFFICER,GREGORY,,MCSWAIN,,FLORIDA STATE UNIV POLICE,3,2012-05-09 19:11,,,,,,,,,,,,,,,,,,,,,,,,,,,,,,,,,,,,,,,,,,,,,,,,,,,,,,,,,,,,,,
71906316,2012,2012-05-07 18:01,2012-05-07 19:00,12012309,L,2,2,0,13,50,13,50,2,2012-05-07 18:01,2012-05-07 18:06,2012-05-07 18:10,2012-05-07 18:59,2,,2,NORTH Mission Rd,,,,,,,Huntington Woods Blvd,,5,3,2,1,1,2,1,1,3,11,1,2,2,1,,,1,,,1,,,,,96298,Officer,,,,,Tallahassee Police Department,2,2012-05-11 10:17,,,,,,,,,,,,,,,,,,,,,,,,,,,,,,,,,,,,,,,,,,,,,,,,,,,,,,,,,,,,,,
71906317,2012,2012-05-07 18:05,2012-05-07 20:49,12012307,L,1,2,0,13,50,13,50,2,2012-05-07 18:05,2012-05-07 18:07,2012-05-07 18:11,2012-05-07 18:35,2,,2,SOUTH Adams St,,,,,,,EAST Harrison St,,5,3,2,1,1,3,2,1,3,11,1,1,2,1,,,1,,,1,,,,,97372,Officer,,,,,Tallahassee Police Department,2,2012-05-11 10:17,,,,,,,,,,,,,,,,,,,,,,,,,,,,,,,,,,,,,,,,,,,,,,,,,,,,,,,,,,,,,,
71906359,2012,2012-05-11 17:32,2012-05-11 19:17,12012702,L,1,3,0,13,50,13,50,2,2012-05-11 17:32,2012-05-11 17:32,2012-05-11 17:32,2012-05-11 17:49,2,,2,WEST US 90 Tennessee St,,,,100,,E,Caliark St,,2,3,1,1,1,1,1,1,3,11,10,1,1,1,,,1,,,1,,,,,94921,Officer,,,,,Tallahassee Police Department,2,2012-05-17 10:32,,,,,,,,,,,,,,,,,,,,,,,,,,,,,,,,,,,,,,,,,,,,,,,,,,,,,,,,,,,,,,
71906511,2012,2012-05-25 14:30,2012-05-25 16:20,12014022,L,1,2,0,13,50,13,50,2,2012-05-25 15:27,2012-05-25 15:36,2012-05-25 15:43,2012-05-25 16:20,2,,2,CR 158 W Tharpe St,,,,,,,Commercial Park Dr,,4,3,77,1,1,1,1,1,77,11,2,1,4,1,,,3,,,1,,,,,97658,Officer,,,,,Tallahassee Police Department,2,2012-06-01 10:24,,,,,,,,,,,,,,,,,,,,,,,,,,,,,,,,,,,,,,,,,,,,,,,,,,,,,,,,,,,,,,
71906585,2012,2012-06-02 10:30,2012-06-02 12:10,12014744,L,1,1,0,13,50,13,50,2,2012-06-02 11:09,2012-06-02 11:09,2012-06-02 11:46,,2,,2,NORTH Monroe St,,,,3000,,S,John Knox Rd,,4,1,1,1,1,1,1,1,4,11,,1,,1,,,1,,,1,,,,,32608,Officer,,,,,Tallahassee Police Department,2,2012-06-06 10:30,,,,,,,,,,,,,,,,,,,,,,,,,,,,,,,,,,,,,,,,,,,,,,,,,,,,,,,,,,,,,,
71906670,2012,2012-06-10 22:33,2012-06-10 23:09,12015575,L,1,1,0,13,50,13,50,2,2012-06-10 22:33,2012-06-10 22:33,2012-06-10 22:33,2012-06-10 23:05,1,Hit and run,2,Stuckey Ave,,,,,,,Indian River St,,5,3,3,1,5,2,1,1,88,11,1,,,88,,,88,,,1,,,,,98566,Officer,,,,,Tallahassee Police Department,2,2012-06-13 10:39,,,,,,,,,,,,,,,,,,,,,,,,,,,,,,,,,,,,,,,,,,,,,,,,,,,,,,,,,,,,,,
71907032,2012,2012-07-07 20:26,2012-07-07 22:18,12018092,L,1,1,0,13,50,13,50,2,2012-07-07 20:26,2012-07-07 20:28,2012-07-07 20:34,2012-07-07 21:10,1,Hit & Run,1,Belle Vue Way,,,,,,,SOUTH Lipona Rd,,5,3,2,2,2,1,1,1,3,11,1,1,3,1,,,1,,,1,,,,,97679,OFFICER,,,,,Tallahassee Police Department,2,2012-07-11 10:27,,,,,,,,,,,,,,,,,,,,,,,,,,,,,,,,,,,,,,,,,,,,,,,,,,,,,,,,,,,,,,
71906800,2012,2012-06-23 21:31,2012-07-09 13:54,12016798,U,1,2,0,13,50,13,50,2,2012-06-23 21:31,2012-06-23 21:32,2012-06-23 21:36,,2,,2,SOUTH SR 61 S ADAMS ST,,,,,,,Putnam Dr,,3,1,3,2,4,1,1,1,2,11,1,1,2,1,,,1,,,1,,,,,97961,OFFICER,,,,,Tallahassee Police Department,2,2012-07-24 10:30,,,,,,,,,,,,,,,,,,,,,,,,,,,,,,,,,,,,,,,,,,,,,,,,,,,,,,,,,,,,,,
71975586,2012,2012-06-25 00:00,2012-06-25 08:33,12-125415,L,1,3,0,13,50,Leon,Tallahassee,2,2012-06-25 07:33,2012-06-25 07:33,2012-06-25 07:33,2012-06-25 08:28,2,,2,EPPS ST.,,,,0,,N,LAKE BRADFORD RD.,,5,3,3,,1,3,2,1,2,11,1,2,2,1,,,2,,,1,,,,,10154,Dep.,,,,,Leon County Sheriff's Office,3,2012-06-26 10:35,,,,,,,,,,,,,,,,,,,,,,,,,,,,,,,,,,,,,,,,,,,,,,,,,,,,,,,,,,,,,,
71907339,2012,2012-07-24 11:17,2012-08-23 08:57,12019626,U,2,1,0,13,50,13,50,2,2012-07-24 11:17,2012-07-24 11:17,2012-07-24 11:19,2012-07-24 12:00,2,,2,Berkshire Dr,,,,,,,JACKSON BLUFFF Rd,,5,3,3,2,1,1,1,1,3,11,1,2,2,1,,,3,,,1,,,,,43769,Investigator,,,,,Tallahassee Police Department,2,2012-09-11 10:31,,,,,,,,,,,,,,,,,,,,,,,,,,,,,,,,,,,,,,,,,,,,,,,,,,,,,,,,,,,,,,
71907264,2012,2012-07-20 11:57,2012-07-20 12:52,12019240,L,1,2,0,13,50,13,50,2,2012-07-20 11:57,2012-07-20 11:58,2012-07-20 12:15,2012-07-20 12:48,2,,2,Sharer Rd,,,,,,,Allen Way,,5,3,2,1,1,2,1,1,3,11,1,1,1,1,,,1,,,1,,,,,53517,OFFICER,,,,,Tallahassee Police Department,2,2012-07-28 10:39,,,,,,,,,,,,,,,,,,,,,,,,,,,,,,,,,,,,,,,,,,,,,,,,,,,,,,,,,,,,,,
71907444,2012,2012-07-30 12:22,2012-07-30 13:02,12020196,L,1,2,0,13,50,13,50,2,2012-07-30 12:22,2012-07-30 12:23,2012-07-30 12:37,2012-07-30 13:00,2,,2,WEST Call St,,,,,,,Whitehall St,,5,3,3,1,1,2,1,1,3,11,1,1,2,1,,,1,,,2,4,3,2,1,36629,Officer,,,,,Tallahassee Police Department,2,2012-08-07 15:58,,,,,,,,,,,,,,,,,,,,,,,,,,,,,,,,,,,,,,,,,,,,,,,,,,,,,,,,,,,,,,
83460344,2012,2012-07-25 00:00,2012-07-25 15:33,120145384,L,1,4,0,13,0,Leon,UNINCORPORATED,1,2012-07-25 13:29,2012-07-25 13:30,2012-07-25 13:33,2012-07-25 14:10,2,,1,BANNERMAN ROAD,,,,0,,N,STANDING PINE LANE,,4,2,3,,1,1,1,1,3,11,1,1,1,1,,,1,,,1,,,,,11384,Dep.,,,,,Leon County Sheriff's Office,3,2012-08-06 10:30,,,,,,,,,,,,,,,,,,,,,,,,,,,,,,,,,,,,,,,,,,,,,,,,,,,,,,,,,,,,,,
83460446,2012,2012-08-07 00:00,2012-08-08 16:48,120153846,L,1,2,0,13,50,Leon,Tallahassee,2,2012-08-07 15:26,2012-08-07 15:31,2012-08-07 15:47,2012-08-07 16:12,2,,2,BLOUNTSTOWN ST,870,,,0,,N,,,5,2,1,,1,3,2,1,4,11,1,1,1,1,,,1,,,1,,,,,10814,Dep.,,,,,Leon County Sheriff's Office,3,2012-08-23 10:34,,,,,,,,,,,,,,,,,,,,,,,,,,,,,,,,,,,,,,,,,,,,,,,,,,,,,,,,,,,,,,
83460641,2012,2012-08-20 00:00,2012-08-20 09:28,120162003,L,1,2,0,13,50,LEON,Tallahassee,2,2012-08-20 07:50,2012-08-20 07:51,2012-08-20 07:55,2012-08-20 08:29,2,,1,TRAM RD,,,,2,,W,MONROE ST,,5,3,3,,1,2,1,1,77,11,1,1,1,1,,,1,,,1,,,,,,Dep.,,,,,Leon County Sheriff's Office,3,2012-08-30 10:39,,,,,,,,,,,,,,,,,,,,,,,,,,,,,,,,,,,,,,,,,,,,,,,,,,,,,,,,,,,,,,
71907937,2012,2012-08-24 15:48,2012-08-24 16:41,12022625,L,1,2,0,13,50,13,50,2,2012-08-24 15:48,2012-08-24 15:49,2012-08-24 15:53,2012-08-24 16:42,2,,2,US 90 West Tennessee St Hwy,,,,,,,Ocala Rd,,2,3,2,1,1,1,1,1,3,11,1,1,2,1,,,1,,,1,,,,,83202,Officer,,,,,Tallahassee Police Department,2,2012-09-11 10:31,,,,,,,,,,,,,,,,,,,,,,,,,,,,,,,,,,,,,,,,,,,,,,,,,,,,,,,,,,,,,,
83590418,2012,2012-09-06 08:46,2012-09-06 00:00,12023962,L,2,2,0,13,50,LEON,TALLAHASSEE,2,2012-09-06 08:46,2012-09-06 08:48,2012-09-06 08:50,2012-09-06 09:15,2,,2,7TH AVE,,,,,,,GIBBS AVE,,5,3,2,1,1,1,1,1,77,11,1,1,1,1,,,1,,,1,,,,,711,OFFICER,,,,,TALLAHASSEE,2,2012-09-12 10:34,,,,,,,,,,,,,,,,,,,,,,,,,,,,,,,,,,,,,,,,,,,,,,,,,,,,,,,,,,,,,,
83460866,2012,2012-09-12 00:00,2012-09-13 09:23,120178325,L,1,2,0,13,50,LEON,TALLAHASSEE,2,2012-09-12 06:52,2012-09-12 06:54,2012-09-12 07:04,2012-09-12 11:13,1,TRAFFIC HOMICIDE UNIT FOLLOW UP INVESTIGATION,1,TRAM ROAD,,,,,3.1,E,FOUR OAKS BLVD.,,4,2,1,,5,1,1,1,5,11,1,1,1,1,,,1,,,1,,,,,11122,Dep.,,,,,Leon County Sheriff's Office,3,2012-09-23 10:28,,,,,,,,,,,,,,,,,,,,,,,,,,,,,,,,,,,,,,,,,,,,,,,,,,,,,,,,,,,,,,
83591049,2012,2012-09-30 19:01,2012-09-30 00:00,12026414,L,1,2,0,13,50,LEON,TALLAHASSEE,2,2012-09-30 19:02,2012-09-30 19:03,2012-09-30 19:05,2012-09-30 19:45,2,,2,E MADISON ST,,,,5,,E,S MONROE ST,,5,3,3,1,2,1,1,1,77,11,1,1,3,1,,,1,,,1,,,,,353,PATROL OFFICER,,,,,TALLAHASSEE,2,2012-10-02 10:29,,,,,,,,,,,,,,,,,,,,,,,,,,,,,,,,,,,,,,,,,,,,,,,,,,,,,,,,,,,,,,
83591148,2012,2012-10-04 09:25,2012-10-04 00:00,12026757,L,2,2,0,13,50,LEON,TALLAHASSEE,2,2012-10-04 09:25,2012-10-04 09:25,2012-10-04 09:35,2012-10-04 10:05,2,,2,TENNESSEE ST E,,,,,,,HILLCREST ST,,2,3,3,1,1,2,2,1,3,11,1,1,2,1,,,1,,,1,,,,,703,OFFICER,,,,,TALLAHASSEE,2,2012-10-07 10:25,,,,,,,,,,,,,,,,,,,,,,,,,,,,,,,,,,,,,,,,,,,,,,,,,,,,,,,,,,,,,,
83460941,2012,2012-09-30 00:00,2012-09-30 10:02,120189621,L,2,2,0,13,0,LEON,UNINCORPORATED,1,2012-09-30 13:41,2012-09-30 13:41,2012-09-30 13:41,2012-09-30 14:00,,FOLLOW-UP INVESTIGATION,1,N. MERIDIAN ROAD,,,,,1,N,BANNERMAN ROAD,,4,2,1,,3,1,1,1,2,11,1,1,1,1,,,1,,,1,,,,,10548,Dep.,,,,,Leon County Sheriff's Office,3,2012-10-10 14:26,,,,,,,,,,,,,,,,,,,,,,,,,,,,,,,,,,,,,,,,,,,,,,,,,,,,,,,,,,,,,,
83591897,2012,2012-11-05 16:20,2012-11-08 00:00,12029916,U,1,2,0,13,50,LEON,TALLAHASSEE,2,2012-11-05 16:26,2012-11-05 16:26,2012-11-05 16:27,2012-11-05 17:30,2,,2,CAPITAL CIR NE,,,,,,,DENNIS RD,,2,1,3,1,1,1,1,1,3,11,1,1,1,1,,,1,,,1,,,,,509,INVESTIGATOR,,,,,TALLAHASSEE,2,2012-11-11 15:00,,,,,,,,,,,,,,,,,,,,,,,,,,,,,,,,,,,,,,,,,,,,,,,,,,,,,,,,,,,,,,
83461101,2012,2012-10-10 00:00,2012-10-10 14:54,120196341,L,1,5,0,13,0,LEON,UNINCORPORATED,1,2012-10-10 13:12,2012-10-10 13:12,2012-10-10 13:20,2012-10-10 14:20,2,,1,OLD WOODVILLE ROAD,,,,0,,N,CANYON CREEK ROAD,,4,2,3,,1,1,1,1,3,11,1,1,1,1,,,1,,,1,,,,,11384,Dep.,,,,,Leon County Sheriff's Office,3,2012-10-22 14:59,,,,,,,,,,,,,,,,,,,,,,,,,,,,,,,,,,,,,,,,,,,,,,,,,,,,,,,,,,,,,,
83461069,2012,2012-10-15 00:00,2012-10-15 20:57,120199377,L,1,2,0,13,50,LEON,Tallahassee,2,2012-10-15 16:52,2012-10-15 16:53,2012-10-15 16:56,2012-10-15 17:21,2,,2,EDWARDS ST,,,,0,,N,W PENSACOLA ST,,5,3,3,,1,1,1,1,3,11,1,1,1,1,1,1,1,1,1,1,,,,,11469,Dep.,,,,,Leon County Sheriff's Office,3,2012-10-26 15:02,,,,,,,,,,,,,,,,,,,,,,,,,,,,,,,,,,,,,,,,,,,,,,,,,,,,,,,,,,,,,,
83631001,2012,2012-11-09 18:20,2012-11-09 00:00,12030280,L,1,2,0,13,50,LEON,TALLAHASSEE,2,2012-11-09 18:20,2012-11-09 18:24,2012-11-09 18:25,2012-11-09 21:30,2,,2,W TENNESSEE ST,,,,,,,WHITE DR,,2,1,2,1,4,1,1,1,77,11,1,1,2,1,,,1,,,1,,,,,377,OFC,,,,,TALLAHASSEE,2,2012-11-11 15:00,,,,,,,,,,,,,,,,,,,,,,,,,,,,,,,,,,,,,,,,,,,,,,,,,,,,,,,,,,,,,,
83631477,2012,2012-12-03 10:34,2012-12-03 00:00,12032386,L,1,2,0,13,50,LEON,TALLAHASSEE,2,2012-12-03 10:34,2012-12-03 10:35,2012-12-03 10:38,2012-12-03 00:30,2,,2,BASIN ST,1010,,,200,,N,CHARLOTTE ST,,5,3,1,1,1,1,1,1,3,11,1,1,1,1,,,1,,,1,,,,,757,OFC,,,,,TALLAHASSEE,2,2012-12-04 15:04,,,,,,,,,,,,,,,,,,,,,,,,,,,,,,,,,,,,,,,,,,,,,,,,,,,,,,,,,,,,,,
83461958,2012,2012-01-07 00:00,2013-01-08 08:53,130003552,L,2,2,0,13,50,LEON,Tallahassee,2,2012-01-07 14:35,2012-01-07 14:35,2012-01-07 14:35,2012-01-07 14:59,2,,2,JACKSON BLUFF,2006,,,0,,N,,,5,3,1,,1,1,1,1,1,11,1,1,1,1,,,1,,,1,,,,,10828,Dep.,,,,,Leon County Sheriff's Office,3,2013-01-15 13:08,,,,,,,,,,,,,,,,,,,,,,,,,,,,,,,,,,,,,,,,,,,,,,,,,,,,,,,,,,,,,,
83632262,2013,2013-01-15 12:20,2013-01-15 00:00,13001276,L,2,2,0,13,50,LEON,TALLAHASSEE,2,2013-01-15 12:20,2013-01-15 12:21,2013-01-15 12:25,2013-01-15 13:10,2,,2,GAMBLE AVE,,,,,,,LAKE BRADFORD RD,,5,3,2,1,1,1,1,1,3,11,1,1,2,1,,,1,,,1,,,,,523,OFFICER,,,,,TALLAHASSEE,2,2013-01-16 13:10,,,,,,,,,,,,,,,,,,,,,,,,,,,,,,,,,,,,,,,,,,,,,,,,,,,,,,,,,,,,,,
83461674,2013,2013-01-13 00:00,2013-01-13 14:33,130007626,L,1,2,0,13,0,LEON,UNINCORPORATED,2,2013-01-13 09:26,2013-01-13 09:29,2013-01-13 09:31,2013-01-13 11:20,2,,1,APPALACHEE PKWY,8203,,,0,,N,,,3,2,1,,1,1,1,1,3,11,1,1,1,1,,,1,,,1,,,,,10070,Dep.,,,,,Leon County Sheriff's Office,3,2013-01-19 12:58,,,,,,,,,,,,,,,,,,,,,,,,,,,,,,,,,,,,,,,,,,,,,,,,,,,,,,,,,,,,,,
83632576,2013,2013-01-31 11:25,2013-01-31 00:00,13002770,L,1,2,0,13,50,LEON,TALLAHASSEE,2,2013-01-31 11:25,2013-01-31 11:25,2013-01-31 11:47,2013-01-31 12:10,2,,2,MACLAY BLVD S,,,,,,,MARKET ST,,5,3,3,1,1,1,1,1,77,11,1,1,2,1,,,1,,,1,,,,,635,OFFICER,,,,,TALLAHASSEE,2,2013-02-01 13:08,,,,,,,,,,,,,,,,,,,,,,,,,,,,,,,,,,,,,,,,,,,,,,,,,,,,,,,,,,,,,,
83632686,2013,2013-02-05 09:30,2013-02-05 00:00,13003250,L,1,2,0,13,50,LEON,TALLAHASSEE,2,2013-02-05 10:13,2013-02-05 11:43,2013-02-05 11:44,2013-02-05 12:45,2,,2,CHAPEL DR,,,,2,,N,W CALL ST,,5,3,2,1,1,1,2,1,3,11,1,1,1,77,1,,1,,,1,,,,,792,OFFICER,,,,,TALLAHASSEE,2,2013-02-06 13:05,,,,,,,,,,,,,,,,,,,,,,,,,,,,,,,,,,,,,,,,,,,,,,,,,,,,,,,,,,,,,,
83463018,2013,2013-03-14 00:00,2013-03-14 12:40,130047004,L,1,2,0,13,0,LEON,UNINCORPORATED,2,2013-03-14 11:02,2013-03-14 11:03,2013-03-14 11:15,2013-03-14 11:55,2,,1,WALDEN RD,,,,5,,N,BUCK LAKE RD,,5,3,3,,1,1,1,1,77,11,1,1,1,1,,,1,,,1,,,,,10070,Dep.,,,,,Leon County Sheriff's Office,3,2013-03-20 13:14,,,,,,,,,,,,,,,,,,,,,,,,,,,,,,,,,,,,,,,,,,,,,,,,,,,,,,,,,,,,,,
83886738,2013,2013-03-23 20:48,2013-03-23 00:00,13007503,S,2,2,0,13,50,LEON,TALLAHASSEE,2,2013-03-23 20:48,,,,,,2,N MERIDIAN RD,,,,700,,S,OX BOTTOM RD,,5,,1,1,5,3,2,,4,11,1,,1,1,,,,,,1,,,,,308,OFFICER,,,,,TALLAHASSEE,2,2013-03-25 13:03,,,,,,,,,,,,,,,,,,,,,,,,,,,,,,,,,,,,,,,,,,,,,,,,,,,,,,,,,,,,,,
83463029,2013,2013-03-26 00:00,2013-03-29 12:50,130054070,L,1,2,0,13,50,LEON,Tallahassee,2,2013-03-26 07:43,2013-03-26 07:43,2013-03-26 08:05,2013-03-26 08:30,2,,1,APPLEYARD DRIVE,,,,750,,N,PENSACOLA STREET,,5,1,1,,1,1,1,1,3,11,1,1,4,1,,,1,,,1,,,,,10828,Dep.,,,,,Leon County Sheriff's Office,3,2013-04-04 12:08,,,,,,,,,,,,,,,,,,,,,,,,,,,,,,,,,,,,,,,,,,,,,,,,,,,,,,,,,,,,,,
12746734,2013,2013-04-06 15:00,2013-04-06 00:00,13040057,L,1,2,0,13,40,LEON,FLORIDA STATE UNIVERSITY,2,2013-04-06 15:01,2013-04-06 15:02,2013-04-06 15:08,2013-04-06 15:40,2,,1,UNIVERSITY WAY,,,,,,,GRAY STREET,,5,1,3,1,1,1,1,1,77,11,1,2,1,1,,,1,,,1,,,,,413,OFFICER,JUSTIN,,MALOY,,FLORIDA STATE UNIV POLICE,3,2013-05-07 22:35,,,,,,,,,,,,,,,,,,,,,,,,,,,,,,,,,,,,,,,,,,,,,,,,,,,,,,,,,,,,,,
83964966,2013,2013-05-16 16:48,2013-05-16 00:00,13012786,L,1,2,0,13,50,LEON,TALLAHASSEE,2,2013-05-16 16:48,2013-05-16 16:50,2013-05-16 16:51,2013-05-16 17:23,1,HIT AND RUN,2,PINE ST,,,,,,,THOMASVILLE RD,,5,3,3,1,1,1,1,1,3,11,1,2,2,1,,,1,,,1,,,,,308,OFFICER,,,,,TALLAHASSEE,2,2013-05-18 11:59,,,,,,,,,,,,,,,,,,,,,,,,,,,,,,,,,,,,,,,,,,,,,,,,,,,,,,,,,,,,,,
83965099,2013,2013-05-23 15:04,2013-05-23 00:00,13013393,L,1,3,0,13,50,LEON,TALLAHASSEE,2,2013-05-23 15:05,2013-05-23 15:06,2013-05-23 15:10,2013-05-23 16:45,2,,2,N BRONOUGH ST,,,,300,,S,W TENNESSEE ST,,5,3,1,1,1,1,1,1,4,11,1,1,1,1,,,1,,,1,,,,,640,OFFICER,,,,,TALLAHASSEE,2,2013-05-24 12:03,,,,,,,,,,,,,,,,,,,,,,,,,,,,,,,,,,,,,,,,,,,,,,,,,,,,,,,,,,,,,,
82094838,2013,2013-06-27 07:45,2013-06-27 09:31,FHPH13OFF017356,L,1,0,0,13,0,LEON,UNINCORPORATED,1,2013-06-27 08:48,2013-06-27 08:55,2013-06-27 09:13,2013-06-27 09:42,2,,2,SAINT MARKS TRAIL,,30.4200116332428,-84.3171635729316,30,,E,OLD WOODVILLE HWY,,77,2,3,1,3,1,1,1,77,11,2,1,2,1,,,1,,,1,,,,,2757,TROOPER,,,,,FLORIDA HIGHWAY PATROL,1,2013-07-03 12:18,,,,,,,,,,,,,,,,,,,,,,,,,,,,,,,,,,,,,,,,,,,,,,,,,,,,,,,,,,,,,,
83464287,2013,2013-06-26 19:49,2013-06-26 22:48,130111242,L,2,2,0,13,0,LEON,UNINCORPORATED,1,2013-06-26 19:49,2013-06-26 19:50,2013-06-26 19:52,2013-06-26 20:49,,DUI INVESTIGATION PENDING,2,ALLEN ROAD,2711,,,0,,,,,4,3,1,,1,3,2,1,77,11,2,1,4,1,,,1,,,1,,,,,,Dep.,,,,,Leon County Sheriff's Office,3,2013-07-02 12:12,,,,,,,,,,,,,,,,,,,,,,,,,,,,,,,,,,,,,,,,,,,,,,,,,,,,,,,,,,,,,,
83965966,2013,2013-07-09 12:44,2013-07-09 00:00,13017539,L,2,2,0,13,50,LEON,TALLAHASSEE,2,2013-07-09 12:45,2013-07-09 12:47,2013-07-09 12:48,2013-07-09 13:25,2,,2,W TENNESSEE ST,,,,,,,ML KING BLVD N,,4,3,2,1,1,1,1,1,3,11,1,1,1,1,,,1,,,1,,,,,567,OFFICER,,,,,TALLAHASSEE,2,2013-07-10 12:14,,,,,,,,,,,,,,,,,,,,,,,,,,,,,,,,,,,,,,,,,,,,,,,,,,,,,,,,,,,,,,
83464371,2013,2013-07-03 17:35,2013-07-03 18:33,130115550,L,1,2,0,13,0,LEON,UNINCORPORATED,2,2013-07-03 17:40,2013-07-03 17:41,2013-07-03 17:49,2013-07-03 18:21,2,,2,VELDA DAIRY RD,,,,200,,S,CAVENDISH CT,,5,2,1,,1,3,2,1,77,11,3,1,1,1,,,2,,,1,,,,,11042,Dep.,,,,,Leon County Sheriff's Office,3,2013-07-10 12:14,,,,,,,,,,,,,,,,,,,,,,,,,,,,,,,,,,,,,,,,,,,,,,,,,,,,,,,,,,,,,,
83464318,2013,2013-07-13 14:30,2013-07-13 15:01,130121242,L,1,2,0,13,0,LEON,UNINCORPORATED,1,2013-07-13 14:30,2013-07-13 14:33,2013-07-13 14:44,2013-07-13 15:14,2,,1,J LEWIS HALL SR LN,,,,25,,W,OLD WOODVILLE RD,,5,2,3,,1,3,2,1,77,11,1,1,1,1,,,1,,,1,,,,,10173,Dep.,,,,,Leon County Sheriff's Office,3,2013-07-20 12:01,,,,,,,,,,,,,,,,,,,,,,,,,,,,,,,,,,,,,,,,,,,,,,,,,,,,,,,,,,,,,,
83464406,2013,2013-07-21 13:47,2013-07-21 17:31,130126135,L,1,2,0,13,0,LEON,UNINCORPORATED,1,2013-07-21 13:48,2013-07-21 13:51,2013-07-21 14:04,2013-07-21 14:19,2,,2,NEEDLES TRAIL,,,,0,,,APOLLO TRAIL,,5,2,3,,1,3,2,1,3,11,1,1,2,1,,,2,,,1,,,,,,Dep.,,,,,Leon County Sheriff's Office,3,2013-07-27 12:11,,,,,,,,,,,,,,,,,,,,,,,,,,,,,,,,,,,,,,,,,,,,,,,,,,,,,,,,,,,,,,
12746006,2013,2013-06-24 17:53,2013-06-24 00:00,13060148,L,1,2,0,13,40,LEON,FLORIDA STATE UNIVERSITY,2,2013-06-24 17:51,2013-06-24 17:51,2013-06-24 17:53,2013-06-24 18:44,2,,1,ACADEMIC WAY,,,,500,,E,TERRITORY WAY,,5,1,1,1,1,1,1,1,4,11,1,1,1,1,,,1,,,1,,,,,,,UK,,UK,,FLORIDA STATE UNIV POLICE,3,2013-07-15 22:27,,,,,,,,,,,,,,,,,,,,,,,,,,,,,,,,,,,,,,,,,,,,,,,,,,,,,,,,,,,,,,
83464008,2013,2013-07-17 22:44,2013-07-17 03:32,130123278,L,1,2,0,13,0,LEON,UNINCORPORATED,1,2013-07-17 22:44,2013-07-17 22:47,2013-07-17 22:50,2013-07-17 00:03,2,,1,CAPITAL CIRCLE NW,,,,0,,,BACK FORTY RD,,2,1,1,,5,1,1,1,77,11,1,1,1,1,,,77,,,1,,,,,11706,Dep.,,,,,Leon County Sheriff's Office,3,2013-07-23 12:13,,,,,,,,,,,,,,,,,,,,,,,,,,,,,,,,,,,,,,,,,,,,,,,,,,,,,,,,,,,,,,
83464203,2013,2013-08-20 17:10,2013-08-20 22:26,1300145261,L,1,2,0,13,0,LEON,UNINCORPORATED,2,2013-08-20 15:16,2013-08-20 15:24,2013-08-20 15:41,2013-08-20 16:03,2,,1,BRIARCREEK ROAD SOUTH,,,,0,,,WILDWOOD TRAIL,,5,2,3,2,1,3,2,1,4,11,1,1,2,1,,,2,,,1,,,,,10416,Dep.,,,,,Leon County Sheriff's Office,3,2013-08-26 12:05,,,,,,,,,,,,,,,,,,,,,,,,,,,,,,,,,,,,,,,,,,,,,,,,,,,,,,,,,,,,,,
83464054,2013,2013-08-04 15:00,2013-08-19 17:32,130135882,L,1,2,0,13,50,LEON,Tallahassee,1,2013-08-04 18:08,2013-08-04 18:14,2013-08-04 18:33,2013-08-04 19:33,,FOLLOW UP INVESTIGATION BY TRAFFIC UNIT,2,CATHEDRAL DRIVE,2775,,,0,,,,,8,1,1,,1,1,1,1,1,11,1,1,1,1,,,1,,,1,,,,,11507,Dep.,,,,,Leon County Sheriff's Office,3,2013-08-28 12:16,,,,,,,,,,,,,,,,,,,,,,,,,,,,,,,,,,,,,,,,,,,,,,,,,,,,,,,,,,,,,,
84198326,2013,2013-09-04 07:20,2013-09-04 11:06,130154740,L,1,2,0,13,50,LEON,Tallahassee,2,2013-09-04 08:00,2013-09-04 08:00,2013-09-04 08:00,2013-09-04 08:30,2,,2,MAGNOLIA DR.,,,,0,,,MICCOSUKEE RD.,,4,3,2,,3,1,1,1,3,11,1,2,2,1,,,1,,,1,,,,,10633,Dep.,,,,,Leon County Sheriff's Office,3,2013-09-15 11:58,,,,,,,,,,,,,,,,,,,,,,,,,,,,,,,,,,,,,,,,,,,,,,,,,,,,,,,,,,,,,,
84147215,2013,2013-09-11 08:17,2013-09-11 00:00,13023250,L,2,2,0,13,50,LEON,TALLAHASSEE,2,2013-09-11 08:17,2013-09-11 08:18,2013-09-11 08:22,2013-09-11 09:00,2,,2,LEVY AVE,,,,,,,IAMONIA ST,,5,3,3,1,3,1,1,1,3,11,1,1,2,1,,,4,,,1,,,,,703,OFFICER,,,,,TALLAHASSEE,2,2013-09-18 12:25,,,,,,,,,,,,,,,,,,,,,,,,,,,,,,,,,,,,,,,,,,,,,,,,,,,,,,,,,,,,,,
84198346,2013,2013-09-26 13:45,2013-09-26 18:22,130504833,L,1,2,0,13,0,LEON,UNINCORPORATED,2,2013-09-26 13:53,2013-09-26 13:53,2013-09-26 13:59,2013-09-26 14:25,2,,1,BANNERMAN RD.,,,,200,,W,US 319 NORTH,,5,3,77,,1,1,1,1,3,11,3,1,4,1,,,1,,,1,,,,,10416,Dep.,,,,,Leon County Sheriff's Office,3,2013-10-02 12:23,,,,,,,,,,,,,,,,,,,,,,,,,,,,,,,,,,,,,,,,,,,,,,,,,,,,,,,,,,,,,,
84312824,2013,2013-12-05 15:54,2014-02-26 00:00,13031885,U,1,2,0,13,50,LEON,TALLAHASSEE,2,2013-12-05 15:54,2013-12-05 17:09,2013-12-05 17:23,2013-12-05 17:40,2,,2,THARPE ST W,,,,460,,W,BLOUNTSTOWN ST,,4,1,1,2,1,1,1,1,,11,3,1,1,1,,,88,,,1,,,,,566,INVESTIGATOR,,,,,TALLAHASSEE POLICE DEPARTMENT,2,2014-02-28 12:27,,,,,,,,,,,,,,,,,,,,,,,,,,,,,,,,,,,,,,,,,,,,,,,,,,,,,,,,,,,,,,
84147833,2013,2013-10-05 12:12,2013-10-05 00:00,13025639,L,2,3,0,13,50,LEON,TALLAHASSEE,2,2013-10-05 12:14,2013-10-05 12:14,2013-10-05 12:14,2013-10-05 13:15,2,,2,LAKE BRADFORD RD,,,,,,,STUCKEY AVE,,3,3,2,1,1,2,1,1,3,11,1,1,2,1,,,1,,,1,,,,,614,OFFICER,,,,,TALLAHASSEE,2,2013-10-06 12:09,,,,,,,,,,,,,,,,,,,,,,,,,,,,,,,,,,,,,,,,,,,,,,,,,,,,,,,,,,,,,,
84147762,2013,2013-10-02 16:56,2013-10-02 00:00,13025352,L,1,2,0,13,50,LEON,TALLAHASSEE,2,2013-10-02 16:56,2013-10-02 17:00,2013-10-02 17:05,2013-10-02 17:35,2,,2,W TENNESSEE ST,,,,75,,E,CONRADI ST,,2,1,1,1,1,1,1,1,3,11,1,1,1,1,,,1,,,1,,,,,786,PATROL NW AFTERNOON,,,,,TALLAHASSEE,2,2013-10-04 12:08,,,,,,,,,,,,,,,,,,,,,,,,,,,,,,,,,,,,,,,,,,,,,,,,,,,,,,,,,,,,,,
84198112,2013,2013-09-27 18:55,2013-10-03 16:20,130505477,U,1,2,0,13,50,LEON,Tallahassee,2,2013-09-27 18:55,2013-09-27 18:55,2013-09-27 18:55,2013-09-27 19:20,1,HIT AND RUN,1,APPLEYARD,,,,0,,,PENSACOLA ST,,4,1,2,,1,1,1,1,3,11,1,1,2,1,,,1,,,1,,,,,11122,Dep.,,,,,Leon County Sheriff's Office,3,2013-10-10 12:19,,,,,,,,,,,,,,,,,,,,,,,,,,,,,,,,,,,,,,,,,,,,,,,,,,,,,,,,,,,,,,
84198511,2013,2013-10-22 19:00,2013-10-22 22:34,130516338,L,1,2,0,13,50,LEON,Tallahassee,2,2013-10-22 19:29,2013-10-22 19:46,2013-10-22 19:47,2013-10-22 20:35,2,,1,KILLARNEY WAY,,,,0,,,LIMERICK DR,,5,3,3,,2,4,2,1,3,11,1,1,2,10,,,2,,,1,,,,,11442,Dep.,,,,,Leon County Sheriff's Office,3,2013-10-28 12:18,,,,,,,,,,,,,,,,,,,,,,,,,,,,,,,,,,,,,,,,,,,,,,,,,,,,,,,,,,,,,,
12746374,2013,2013-09-07 14:19,2013-09-07 00:00,13090089,L,2,2,0,13,40,LEON,FLORIDA STATE UNIVERSITY,2,2013-09-07 14:21,2013-09-07 14:21,2013-09-07 14:23,2013-09-07 14:55,2,,1,WEST CALL STREET,1115,,,,,,,,5,3,3,1,1,1,1,1,3,11,1,1,2,1,,,1,,,1,,,,,408,OFC,A,,GIONNETTI,,FLORIDA STATE UNIV POLICE,3,2013-10-14 22:27,,,,,,,,,,,,,,,,,,,,,,,,,,,,,,,,,,,,,,,,,,,,,,,,,,,,,,,,,,,,,,
84311741,2013,2013-10-21 13:37,2013-10-21 00:00,13027322,L,1,2,0,13,50,LEON,TALLAHASSEE,2,2013-10-21 13:37,2013-10-21 13:40,2013-10-21 13:41,2013-10-21 14:31,2,,2,UNIVERSAL DR,,,,,,,BOONE BLVD,,5,3,3,1,1,2,1,1,,11,1,1,1,1,,,1,,,1,,,,,759,OFFICER,,,,,TALLAHASSEE POLICE DEPARTMENT,2,2013-10-22 12:07,,,,,,,,,,,,,,,,,,,,,,,,,,,,,,,,,,,,,,,,,,,,,,,,,,,,,,,,,,,,,,
84312243,2013,2013-11-08 15:58,2013-11-10 00:00,13029231,L,1,2,0,13,50,LEON,TALLAHASSEE,2,2013-11-08 15:58,2013-11-08 15:58,2013-11-08 16:03,2013-11-08 16:17,2,,2,ML KING BLVD,,,,,,,PARK AVE,,2,3,3,1,1,1,1,1,,11,1,1,1,1,,,1,,,1,,,,,759,OFFICER,,,,,TALLAHASSEE POLICE DEPARTMENT,2,2013-11-12 12:10,,,,,,,,,,,,,,,,,,,,,,,,,,,,,,,,,,,,,,,,,,,,,,,,,,,,,,,,,,,,,,
84198378,2013,2013-10-21 18:13,2013-10-21 23:42,130515843,L,1,2,0,13,0,LEON,UNINCORPORATED,2,2013-10-21 18:13,2013-10-21 18:27,2013-10-21 18:35,2013-10-21 20:37,2,,2,MICCOSUKEE ROAD,,,,0,,,ARENDALE WAY,,4,2,3,,1,1,1,1,77,11,1,1,2,1,,,1,,,1,,,,,11509,Dep.,,,,,Leon County Sheriff's Office,3,2013-10-27 12:06,,,,,,,,,,,,,,,,,,,,,,,,,,,,,,,,,,,,,,,,,,,,,,,,,,,,,,,,,,,,,,
84198617,2013,2013-10-17 16:25,2013-10-17 19:18,130514347,L,1,2,0,13,0,LEON,UNINCORPORATED,1,2013-10-17 16:25,2013-10-17 16:25,2013-10-17 16:37,2013-10-17 17:15,2,,2,CAPITAL CIRCLE NORTHEAST,3325,,,0,,,,,9,3,3,,1,1,1,1,77,11,1,1,2,1,,,1,,,1,,,,,,Dep.,,,,,Leon County Sheriff's Office,3,2013-10-23 12:10,,,,,,,,,,,,,,,,,,,,,,,,,,,,,,,,,,,,,,,,,,,,,,,,,,,,,,,,,,,,,,
84311998,2013,2013-10-31 01:49,2013-10-31 00:00,13028343,L,1,2,0,13,50,LEON,TALLAHASSEE,2,2013-10-31 01:51,2013-10-31 01:56,2013-10-31 02:12,2013-10-31 02:35,2,,2,TENN ST W,,,,200,,E,OCALA RD,,2,1,1,1,1,1,1,1,,11,2,1,1,1,,,1,,,1,,,,,325,OFFICER,,,,,TALLAHASSEE POLICE DEPARTMENT,2,2013-11-03 12:13,,,,,,,,,,,,,,,,,,,,,,,,,,,,,,,,,,,,,,,,,,,,,,,,,,,,,,,,,,,,,,
84198788,2013,2013-11-09 18:25,2013-11-09 19:43,130524266,L,0,1,0,13,0,LEON,UNINCORPORATED,1,2013-11-09 18:25,2013-11-09 18:27,2013-11-09 18:35,2013-11-09 19:31,2,,2,MICCOSUKEE ROAD,14893,,,0,,,,,4,2,1,,5,1,1,1,4,11,2,1,1,1,,,1,,,1,,,,,11709,Dep.,,,,,Leon County Sheriff's Office,3,2013-11-15 12:03,,,,,,,,,,,,,,,,,,,,,,,,,,,,,,,,,,,,,,,,,,,,,,,,,,,,,,,,,,,,,,
84198568,2013,2013-11-06 19:15,2013-12-02 13:50,130523066,U,1,2,0,13,0,LEON,UNINCORPORATED,1,2013-11-06 19:48,2013-11-06 19:58,2013-11-06 20:12,2013-11-06 21:20,,FOLLOW-UP REF EXTENT OF INJURY,2,WHIRLAWAY TRAIL,,,,200,,N,WHISKERY CT,,5,2,1,,5,1,1,1,3,11,1,1,1,1,,,1,,,1,,,,,11122,Dep.,,,,,Leon County Sheriff's Office,3,2013-12-09 12:22,,,,,,,,,,,,,,,,,,,,,,,,,,,,,,,,,,,,,,,,,,,,,,,,,,,,,,,,,,,,,,
84312959,2013,2013-12-11 20:24,2013-12-11 00:00,13032596,L,1,2,0,13,50,LEON,TALLAHASSEE,2,2013-12-11 20:24,2013-12-11 20:26,2013-12-11 20:27,2013-12-11 21:00,2,,2,CALL ST W,,,,300,,W,CHAPEL DR,,5,3,77,1,5,1,1,1,,11,1,1,4,1,,,1,,,1,,,,,565,OFFICER,,,,,TALLAHASSEE POLICE DEPARTMENT,2,2013-12-13 12:19,,,,,,,,,,,,,,,,,,,,,,,,,,,,,,,,,,,,,,,,,,,,,,,,,,,,,,,,,,,,,,
83463486,2013,2013-05-18 15:35,2014-03-28 10:16,130087809,U,1,2,0,13,0,LEON,UNINCORPORATED,1,2013-05-18 15:35,2013-05-18 15:39,2013-05-18 15:56,2013-05-18 16:35,2,,1,BROOKE HAMPTON DR,528,,,0,,,,,5,3,1,2,1,1,1,1,2,11,1,1,1,1,,,1,,,1,,,,,11019,Dep.,,,,,Leon County Sheriff's Office,3,2014-04-06 12:16,,,,,,,,,,,,,,,,,,,,,,,,,,,,,,,,,,,,,,,,,,,,,,,,,,,,,,,,,,,,,,
84572242,2014,2014-01-19 17:02,2014-10-17 00:00,14001837,U,1,2,0,13,50,LEON,TALLAHASSEE,2,2014-01-19 17:02,2014-01-19 17:03,2014-01-19 17:09,2014-01-19 17:30,1,HIT AND RUN,2,CAPITAL CIR SE,,,,,,,MIDYETTE RD,,5,3,77,1,1,1,1,1,,11,1,1,2,1,,,1,,,1,,,,,972,OFF. MARK MEADOWS,,,,,TALLAHASSEE POLICE DEPARTMENT,2,2014-10-22 12:42,,,,,,,,,,,,,,,,,,,,,,,,,,,,,,,,,,,,,,,,,,,,,,,,,,,,,,,,,,,,,,
84199070,2014,2014-01-17 18:00,2014-01-17 23:22,140006383,L,1,2,0,13,0,LEON,UNINCORPORATED,1,2014-01-17 18:03,2014-01-17 18:04,2014-01-17 18:11,2014-01-17 18:39,2,,1,POINT VIEW DRIVE,,,,0,,,LAYLA STREET,,5,3,3,,2,1,1,1,3,11,1,1,2,1,,,1,,,1,,,,,,Dep.,,,,,Leon County Sheriff's Office,3,2014-01-23 12:18,,,,,,,,,,,,,,,,,,,,,,,,,,,,,,,,,,,,,,,,,,,,,,,,,,,,,,,,,,,,,,
84572293,2014,2014-01-22 17:19,2014-01-22 00:00,14002093,L,1,2,0,13,50,LEON,TALLAHASSEE,2,2014-01-22 17:19,2014-01-22 17:22,2014-01-22 17:23,2014-01-22 17:59,2,,2,CALL ST W,,,,260,,E,CHAPEL DR,,5,1,1,1,1,1,1,1,,11,3,1,1,1,,,1,,,1,,,,,786,PATROL NW AFTERNOON,,,,,TALLAHASSEE POLICE DEPARTMENT,2,2014-01-24 12:08,,,,,,,,,,,,,,,,,,,,,,,,,,,,,,,,,,,,,,,,,,,,,,,,,,,,,,,,,,,,,,
84572640,2014,2014-02-05 15:10,2014-02-05 00:00,14003480,L,1,3,0,13,50,LEON,TALLAHASSEE,2,2014-02-05 15:14,2014-02-05 15:14,2014-02-05 15:25,2014-02-05 16:00,2,,2,TENNESSEE ST W,,,,600,,W,BICYCLE RD,,3,2,1,1,1,1,1,1,,11,10,1,1,1,,,1,,,1,,,,,641,OFFICER,,,,,TALLAHASSEE POLICE DEPARTMENT,2,2014-02-07 12:09,,,,,,,,,,,,,,,,,,,,,,,,,,,,,,,,,,,,,,,,,,,,,,,,,,,,,,,,,,,,,,
84572641,2014,2014-02-05 15:20,2014-02-05 00:00,14003485,L,1,2,0,13,50,LEON,TALLAHASSEE,2,2014-02-05 15:22,2014-02-05 15:30,2014-02-05 15:51,2014-02-05 16:17,2,,2,MISSION RD,,,,,,,GEARHART RD,,5,3,2,1,1,1,1,1,,11,1,1,1,1,,,1,,,1,,,,,325,OFFICER,,,,,TALLAHASSEE POLICE DEPARTMENT,2,2014-02-07 12:09,,,,,,,,,,,,,,,,,,,,,,,,,,,,,,,,,,,,,,,,,,,,,,,,,,,,,,,,,,,,,,
84198955,2014,2014-02-28 20:50,2014-03-01 03:56,1400023458,L,2,2,0,13,0,LEON,UNINCORPORATED,1,2014-02-28 20:53,2014-02-28 20:58,2014-02-28 21:04,2014-02-28 21:36,2,,2,BLOUNTSTOWN STREET,1385,,,0,,,,,9,1,1,,4,1,1,1,7,11,8,1,1,1,,,1,,,1,,,,,11298,Dep.,,,,,Leon County Sheriff's Office,3,2014-03-07 12:15,,,,,,,,,,,,,,,,,,,,,,,,,,,,,,,,,,,,,,,,,,,,,,,,,,,,,,,,,,,,,,
84843097,2014,2014-09-23 06:55,2014-10-31 00:00,14027110,U,1,2,0,13,50,LEON,TALLAHASSEE,2,2014-09-23 06:55,2014-09-23 06:56,2014-09-23 06:57,2014-09-23 07:42,2,,2,CAPITAL CIR NE,,,,,,,MAHAN DR,,2,3,2,2,4,1,1,1,,11,1,1,1,1,,,1,,,1,,,,,638,INVESTIGATOR,,,,,TALLAHASSEE POLICE DEPARTMENT,2,2014-11-02 12:24,,,,,,,,,,,,,,,,,,,,,,,,,,,,,,,,,,,,,,,,,,,,,,,,,,,,,,,,,,,,,,
84710603,2014,2014-04-04 14:00,2014-04-04 00:00,14009228,L,2,2,0,13,50,LEON,TALLAHASSEE,2,2014-04-04 14:03,2014-04-04 14:04,2014-04-04 14:05,2014-04-04 15:00,2,,2,CONTINENTAL AVE,,,,,,,OCALA RD,,5,3,2,1,1,1,1,1,,11,1,1,1,1,,,1,,,1,,,,,646,OFFICER,,,,,TALLAHASSEE POLICE DEPARTMENT,2,2014-04-05 12:07,,,,,,,,,,,,,,,,,,,,,,,,,,,,,,,,,,,,,,,,,,,,,,,,,,,,,,,,,,,,,,
84674642,2014,2014-04-18 08:06,2014-04-18 10:07,140042262,L,1,2,0,13,50,LEON,TALLAHASSEE,2,2014-04-18 08:08,2014-04-18 08:09,2014-04-18 08:13,2014-04-18 09:02,2,,2,SR 319,,,,0,,,CHANCELLORSVILLE DR,,4,3,3,,1,3,2,1,3,11,1,1,2,1,,,2,,,1,,,,,11653,Dep.,,,,,Leon County Sheriff's Office,3,2014-04-24 12:35,,,,,,,,,,,,,,,,,,,,,,,,,,,,,,,,,,,,,,,,,,,,,,,,,,,,,,,,,,,,,,
84199908,2014,2014-04-14 20:24,2014-04-14 23:53,140040873,L,1,2,0,13,50,LEON,Tallahassee,2,2014-04-14 20:24,2014-04-14 20:25,2014-04-14 20:40,2014-04-14 21:22,2,,2,CAPITAL CIRCLE SW,5165,,,0,,,,,2,3,1,,4,1,1,1,77,11,9,1,1,1,,,1,,,1,,,,,11769,Dep.,,,,,Leon County Sheriff's Office,3,2014-05-09 12:02,,,,,,,,,,,,,,,,,,,,,,,,,,,,,,,,,,,,,,,,,,,,,,,,,,,,,,,,,,,,,,
84199409,2014,2014-04-04 14:17,2014-05-22 16:06,140037010,U,1,2,0,13,0,LEON,UNINCORPORATED,1,2014-04-04 14:17,2014-04-04 14:18,2014-04-04 14:19,2014-04-04 16:29,1,FOLLOW UP BY TRAFFIC UNIT,1,BLOUNTSTOWN HWY,,,,300,,W,DEER TREE  DR,,3,3,1,2,1,1,1,1,77,11,1,1,1,1,,,1,,,1,,,,,11122,Dep.,,,,,Leon County Sheriff's Office,3,2014-06-03 12:33,,,,,,,,,,,,,,,,,,,,,,,,,,,,,,,,,,,,,,,,,,,,,,,,,,,,,,,,,,,,,,
85040819,2014,2014-11-03 17:00,2014-11-03 00:00,14031625,L,1,2,0,13,50,LEON,TALLAHASSEE,2,2014-11-03 17:18,2014-11-03 17:30,2014-11-03 17:39,2014-11-03 18:10,2,,2,MARRIOTT DR,,,,,,,PARK AVE,,5,1,3,1,1,1,1,1,,11,1,1,1,1,,,1,,,1,,,,,565,OFFICER,,,,,TALLAHASSEE POLICE DEPARTMENT,2,2014-11-12 10:49,,,,,,,,,,,,,,,,,,,,,,,,,,,,,,,,,,,,,,,,,,,,,,,,,,,,,,,,,,,,,,
12746344,2014,2014-05-23 21:15,2014-05-23 00:00,14050166,L,1,2,0,13,40,LEON,FLORIDA STATE UNIVERSITY,2,2014-05-23 21:15,2014-05-23 21:15,2014-05-23 21:15,2014-05-23 22:30,2,,2,HENDRY,,,,,,,STADIUM DRIVE,,4,1,2,1,4,1,1,1,3,11,1,2,2,1,,,1,,,1,,,,,443,OFC,UNKNOWN,,DEGRAW,,FLORIDA STATE UNIV POLICE,3,2014-06-16 22:32,,,,,,,,,,,,,,,,,,,,,,,,,,,,,,,,,,,,,,,,,,,,,,,,,,,,,,,,,,,,,,
84675053,2014,2014-06-10 10:03,2014-06-10 17:39,140062740,L,1,2,0,13,50,LEON,Tallahassee,2,2014-06-10 10:05,2014-06-10 10:08,2014-06-10 10:20,2014-06-10 11:30,2,,1,CRAWFORDVILLE RD,4209,,,0,,,,,3,3,77,,1,1,1,1,77,11,10,1,77,1,1,1,1,1,1,1,,,,,11601,Dep.,,,,,Leon County Sheriff's Office,3,2014-06-16 12:24,,,,,,,,,,,,,,,,,,,,,,,,,,,,,,,,,,,,,,,,,,,,,,,,,,,,,,,,,,,,,,
84675237,2014,2014-06-10 11:55,2014-06-10 14:34,140062793,L,1,3,0,13,50,LEON,Tallahassee,2,2014-06-10 11:55,2014-06-10 12:18,2014-06-10 12:30,2014-06-10 12:46,2,,1,MAHAN DR,1407,,,0,,,,,5,3,1,,1,1,1,1,77,11,8,1,1,1,,,1,,,1,,,,,10173,Dep.,,,,,Leon County Sheriff's Office,3,2014-06-16 12:24,,,,,,,,,,,,,,,,,,,,,,,,,,,,,,,,,,,,,,,,,,,,,,,,,,,,,,,,,,,,,,
84841737,2014,2014-07-27 11:40,2014-07-27 00:00,14020810,L,1,2,0,13,50,LEON,TALLAHASSEE,2,2014-07-27 11:40,2014-07-27 11:41,2014-07-27 11:42,2014-07-27 12:45,2,,2,BRONOUGH ST,,,,,,,PARK AVE,,3,3,77,1,1,1,1,1,,11,1,1,1,1,,,1,,,1,,,,,759,OFFICER,,,,,TALLAHASSEE POLICE DEPARTMENT,2,2014-07-29 12:26,,,,,,,,,,,,,,,,,,,,,,,,,,,,,,,,,,,,,,,,,,,,,,,,,,,,,,,,,,,,,,
84675878,2014,2014-09-30 22:33,2014-09-30 00:00,140109194,L,1,2,0,13,50,LEON,Tallahassee,2,2014-09-30 22:35,2014-09-30 22:35,2014-09-30 22:35,2014-09-30 23:39,2,,2,BLAIRSTONE ROAD,,,,0,,,APALACHEE PKWY,,2,3,2,2,4,1,2,1,5,11,1,1,2,1,,,1,,,1,,,,,11454,Dep.,,,,,Leon County Sheriff's Office,3,2014-10-06 12:19,,,,,,,,,,,,,,,,,,,,,,,,,,,,,,,,,,,,,,,,,,,,,,,,,,,,,,,,,,,,,,
83589028,2014,2014-07-23 09:56,2014-07-23 00:00,1407-0212,L,1,2,0,13,40,LEON,FLORIDA STATE UNIV.,2,2014-07-23 09:57,2014-07-23 09:57,2014-07-23 10:01,2014-07-23 10:40,2,,2,WALKER STREET,,,,,,,WALKER STREET AND W. ST. AUGUSTINE STREET,,5,3,3,2,1,1,1,1,,11,1,1,2,1,,,1,,,1,,,,,431,OFFICER,,,,,FSU POLICE DEPARTMENT,2,2014-08-01 12:02,,,,,,,,,,,,,,,,,,,,,,,,,,,,,,,,,,,,,,,,,,,,,,,,,,,,,,,,,,,,,,
84712494,2014,2014-06-26 15:00,2014-06-26 00:00,14017560,L,1,2,0,13,50,LEON,TALLAHASSEE,2,2014-06-26 17:08,2014-06-26 17:16,2014-06-26 17:30,2014-06-26 18:00,1,HIT AND RUN,2,CHAMPIONS WAY,,,,,,,STADIUM DR W,,5,3,2,1,1,1,1,1,,11,1,1,1,1,,,1,,,1,,,,,345,OFFICER,,,,,TALLAHASSEE POLICE DEPARTMENT,2,2014-08-14 12:14,,,,,,,,,,,,,,,,,,,,,,,,,,,,,,,,,,,,,,,,,,,,,,,,,,,,,,,,,,,,,,
84842393,2014,2014-08-25 23:45,2014-12-01 00:00,14024093,U,1,2,0,13,50,LEON,TALLAHASSEE,2,2014-08-25 20:08,2014-08-25 20:08,2014-08-25 20:17,2014-08-25 20:45,2,,2,ORANGE AVE E,,,,,,,MONROE ST S,,5,3,2,1,4,1,1,1,,11,1,2,2,1,,,1,,,1,,,,,972,OFF. MARK MEADOWS,,,,,TALLAHASSEE POLICE DEPARTMENT,2,2014-12-04 12:26,,,,,,,,,,,,,,,,,,,,,,,,,,,,,,,,,,,,,,,,,,,,,,,,,,,,,,,,,,,,,,
84842625,2014,2014-09-05 08:44,2014-09-05 00:00,14025147,L,1,2,0,13,50,LEON,TALLAHASSEE,2,2014-09-05 08:44,2014-09-05 08:44,2014-09-05 08:47,2014-09-05 10:00,2,,2,TENNESSEE ST W,,,,100,,E,DEWEY ST,,2,3,1,1,1,1,1,1,,11,1,1,1,1,,,1,,,1,,,,,785,OFFICER,,,,,TALLAHASSEE POLICE DEPARTMENT,2,2014-09-08 12:30,,,,,,,,,,,,,,,,,,,,,,,,,,,,,,,,,,,,,,,,,,,,,,,,,,,,,,,,,,,,,,
84842939,2014,2014-09-17 09:19,2014-09-22 00:00,14026503,U,1,2,0,13,50,LEON,TALLAHASSEE,2,2014-09-17 09:20,2014-09-17 09:20,2014-09-17 09:25,2014-09-17 09:45,2,,2,THARPE ST W,1505,,,300,,W,COLORADO ST,,4,3,3,1,1,1,1,1,,11,1,1,1,1,,,1,,,1,,,,,794,OFFICER,,,,,TALLAHASSEE POLICE DEPARTMENT,2,2014-09-25 12:23,,,,,,,,,,,,,,,,,,,,,,,,,,,,,,,,,,,,,,,,,,,,,,,,,,,,,,,,,,,,,,
84676169,2014,2014-09-15 06:51,2014-09-15 00:00,140102974,L,1,3,0,13,50,LEON,Tallahassee,2,2014-09-15 06:51,2014-09-15 06:51,2014-09-15 06:51,2014-09-15 08:23,2,,2,APPLEYARD DR,,,,250,,S,MISSION RD,,5,3,1,,3,1,1,1,4,11,1,1,16,1,,,1,,,1,,,,,10154,Dep.,,,,,Leon County Sheriff's Office,3,2014-09-22 12:29,,,,,,,,,,,,,,,,,,,,,,,,,,,,,,,,,,,,,,,,,,,,,,,,,,,,,,,,,,,,,,
85039884,2014,2014-10-03 17:17,2014-10-03 00:00,14028212,L,1,2,0,13,50,LEON,TALLAHASSEE,2,2014-10-03 17:17,2014-10-03 17:23,2014-10-03 17:24,2014-10-03 17:55,2,,2,CALL ST W,,,,,,,CHAPEL DR,,5,3,2,1,1,1,1,1,,11,1,1,1,1,,,1,,,1,,,,,565,OFFICER,,,,,TALLAHASSEE POLICE DEPARTMENT,2,2014-10-07 12:47,,,,,,,,,,,,,,,,,,,,,,,,,,,,,,,,,,,,,,,,,,,,,,,,,,,,,,,,,,,,,,
85039924,2014,2014-10-04 15:24,2014-10-04 00:00,14028327,L,1,1,0,13,50,LEON,TALLAHASSEE,2,2014-10-04 15:24,2014-10-04 15:24,2014-10-04 15:24,2014-10-04 19:07,2,,2,PARK AVE E,100,,,100,,E,BLAIR STONE RD N,,5,3,1,1,1,1,1,1,,11,1,1,4,1,,,1,,,1,,,,,319,OFFICER,,,,,TALLAHASSEE POLICE DEPARTMENT,2,2014-10-07 12:47,,,,,,,,,,,,,,,,,,,,,,,,,,,,,,,,,,,,,,,,,,,,,,,,,,,,,,,,,,,,,,
85039926,2014,2014-10-04 18:52,2014-10-04 00:00,14028336,L,1,2,0,13,50,LEON,TALLAHASSEE,2,2014-10-04 18:52,2014-10-04 18:52,2014-10-04 18:52,2014-10-04 18:52,2,,2,TENNESSEE ST W,,,,,,,WADSWORTH ST,,4,3,3,1,1,1,1,1,,11,1,1,1,1,,,1,,,1,,,,,565,OFFICER,,,,,TALLAHASSEE POLICE DEPARTMENT,2,2014-10-07 12:47,,,,,,,,,,,,,,,,,,,,,,,,,,,,,,,,,,,,,,,,,,,,,,,,,,,,,,,,,,,,,,
85039919,2014,2014-10-04 13:19,2014-10-04 00:00,14028303,L,1,2,0,13,50,LEON,TALLAHASSEE,2,2014-10-04 13:19,2014-10-04 13:20,2014-10-04 13:30,2014-10-04 14:30,1,HIT & RUN,2,LEVY AVE,,,,,,,LAKE BRADFORD RD,,5,3,2,1,1,1,1,1,,11,1,1,1,1,,,1,,,1,,,,,685,OFFICER,,,,,TALLAHASSEE POLICE DEPARTMENT,2,2014-10-11 12:15,,,,,,,,,,,,,,,,,,,,,,,,,,,,,,,,,,,,,,,,,,,,,,,,,,,,,,,,,,,,,,
83650339,2014,2014-10-25 20:40,2014-10-25 21:15,FHPH14OFF029667,L,1,2,0,13,50,LEON,TALLAHASSEE,2,2014-10-25 20:41,2014-10-25 20:42,2014-10-25 20:42,2014-10-25 22:30,2,,2,EAST CALL ST,,30.4435748399792,-84.2718686822264,300,,E,FRANKLIN BLVD,,5,3,1,1,4,1,1,1,77,11,1,1,1,1,,,1,,,1,,,,,3322,TROOPER,,,,,FLORIDA HIGHWAY PATROL,1,2014-10-30 14:07,,,,,,,,,,,,,,,,,,,,,,,,,,,,,,,,,,,,,,,,,,,,,,,,,,,,,,,,,,,,,,
82197021,2014,2014-10-17 09:00,2014-10-17 00:00,14-28781,S,1,2,0,13,50,LEON,Tallahassee,2,2014-10-17 09:25,2014-10-17 09:25,2014-10-17 09:25,2014-10-17 09:49,2,,2,444 APPLEYARD DRIVE,,,,70,,W,STATE ROAD 20 AND APPLEYARD DR,,9,1,1,,1,1,1,1,5,11,1,1,1,1,,,4,,,1,,,,,121,Off.,,,,,Tallahassee Community College PD,2,2014-10-23 12:28,,,,,,,,,,,,,,,,,,,,,,,,,,,,,,,,,,,,,,,,,,,,,,,,,,,,,,,,,,,,,,
84676098,2014,2014-11-04 06:45,2014-11-04 00:00,140123574,L,1,2,0,13,0,LEON,UNINCORPORATED,1,2014-11-04 07:00,2014-11-04 07:00,2014-11-04 07:29,2014-11-04 07:51,2,,2,WOODVILLE HWY,,,,0,,,REGISTER RD,,4,2,3,,1,1,1,1,77,11,1,2,2,1,,,1,,,1,,,,,11565,Dep.,,,,,Leon County Sheriff's Office,3,2014-11-11 20:12,,,,,,,,,,,,,,,,,,,,,,,,,,,,,,,,,,,,,,,,,,,,,,,,,,,,,,,,,,,,,,
85041630,2014,2014-12-04 17:40,2014-12-04 00:00,14034693,L,1,2,0,13,50,LEON,TALLAHASSEE,2,2014-12-04 17:40,2014-12-04 17:41,2014-12-04 17:50,2014-12-04 18:39,1,HIT AND RUN ACCIDENT,2,FT KNOX BLVD,,,,15,,S,MAHAN DR,,5,3,1,2,1,1,1,1,,11,1,1,1,1,,,1,,,1,,,,,503,OFFICER,,,,,TALLAHASSEE POLICE DEPARTMENT,2,2014-12-06 12:27,,,,,,,,,,,,,,,,,,,,,,,,,,,,,,,,,,,,,,,,,,,,,,,,,,,,,,,,,,,,,,
85041606,2014,2014-12-03 19:25,2014-12-03 00:00,14034600,L,1,2,0,13,50,LEON,TALLAHASSEE,2,2014-12-03 19:30,2014-12-03 19:44,2014-12-03 19:52,2014-12-03 20:40,2,,2,INDIAN HEAD DR,,,,675,,S,HOKOLIN NENE,,5,2,1,1,4,1,1,1,,11,1,1,1,1,,,1,,,1,,,,,679,OFFICER,,,,,TALLAHASSEE POLICE DEPARTMENT,2,2014-12-05 12:24,,,,,,,,,,,,,,,,,,,,,,,,,,,,,,,,,,,,,,,,,,,,,,,,,,,,,,,,,,,,,,
84842482,2014,2014-08-30 19:48,2014-12-08 00:00,14024434,U,1,2,0,13,50,LEON,TALLAHASSEE,2,2014-08-30 19:53,2014-08-30 20:08,2014-08-30 20:11,2014-08-30 21:27,2,,2,ADAMS ST S,,,,,,,OSCEOLA ST,,3,3,3,2,2,2,1,1,,11,1,1,1,1,,,1,,,1,,,,,566,INVESTIGATOR,,,,,TALLAHASSEE POLICE DEPARTMENT,2,2014-12-13 12:22,,,,,,,,,,,,,,,,,,,,,,,,,,,,,,,,,,,,,,,,,,,,,,,,,,,,,,,,,,,,,,
84676484,2014,2014-12-05 06:30,2014-12-05 00:00,140135476,L,1,2,0,13,50,LEON,Tallahassee,2,2014-12-05 06:52,2014-12-05 06:54,2014-12-05 07:13,2014-12-05 08:05,2,,2,MILLS STREET,,,,200,,S,2222 MILLS STREET,,5,2,1,2,5,4,1,1,1,11,1,1,1,1,,,1,,,1,,,,,11507,Dep.,,,,,Leon County Sheriff's Office,3,2014-12-14 12:30,,,,,,,,,,,,,,,,,,,,,,,,,,,,,,,,,,,,,,,,,,,,,,,,,,,,,,,,,,,,,,
83754410,2014,2014-11-22 21:17,2015-02-02 07:52,FHPH14OFF031200,U,2,2,0,13,50,LEON,TALLAHASSEE,2,2014-11-22 21:22,2014-11-22 21:23,2014-11-22 21:24,2014-11-22 22:52,2,,2,STATE ROAD 263 SB,,30.460519982579,-84.3610883261125,500,,N,STATE ROAD 10,,3,3,1,1,4,3,2,1,3,11,1,1,1,10,,,2,,,1,,,,,2874,TROOPER,,,,,FLORIDA HIGHWAY PATROL,1,2015-02-09 13:01,,,,,,,,,,,,,,,,,,,,,,,,,,,,,,,,,,,,,,,,,,,,,,,,,,,,,,,,,,,,,,
85677335,2015,2015-01-07 14:42,2015-01-07 00:00,15000635,L,1,2,0,13,50,LEON,TALLAHASSEE,2,2015-01-07 14:44,2015-01-07 14:46,2015-01-07 14:47,2015-01-07 15:10,2,,2,OLD BAINBRIDGE RD,,,,,,,DOVER ST,,5,1,3,1,1,1,1,1,,11,1,1,1,1,,,1,,,1,,,,,325,OFFICER,,,,,TALLAHASSEE POLICE DEPARTMENT,2,2015-01-09 12:29,,,,,,,,,,,,,,,,,,,,,,,,,,,,,,,,,,,,,,,,,,,,,,,,,,,,,,,,,,,,,,
85678171,2015,2015-02-11 12:05,2015-02-11 00:00,15004477,L,1,2,0,13,50,LEON,TALLAHASSEE,2,2015-02-11 12:05,2015-02-11 12:09,2015-02-11 12:11,2015-02-11 12:45,2,,2,BRONOUGH ST N,,,,10,,S,TENNESSEE ST W,,5,3,77,1,1,1,1,1,,11,1,1,1,1,,,1,,,1,,,,,759,OFFICER,,,,,TALLAHASSEE POLICE DEPARTMENT,2,2015-02-12 12:37,,,,,,,,,,,,,,,,,,,,,,,,,,,,,,,,,,,,,,,,,,,,,,,,,,,,,,,,,,,,,,
85842547,2015,2015-05-10 20:52,2015-05-10 00:00,15014065,L,1,6,0,13,50,LEON,TALLAHASSEE,2,2015-05-10 20:52,2015-05-10 20:52,2015-05-10 21:00,2015-05-10 21:40,2,,2,ORANGE AVE,2807,,,100,,E,MONROE ST S,,5,3,1,1,4,1,1,1,,11,1,1,1,1,,,1,,,1,,,,,353,OFFICER,,,,,TALLAHASSEE POLICE DEPARTMENT,2,2015-05-17 11:38,,,,,,,,,,,,,,,,,,,,,,,,,,,,,,,,,,,,,,,,,,,,,,,,,,,,,,,,,,,,,,
85677974,2015,2015-02-04 02:20,2015-07-06 00:00,15003744,U,1,2,0,13,50,LEON,TALLAHASSEE,2,2015-02-04 02:20,2015-02-04 02:20,2015-02-04 02:20,2015-02-04 03:00,2,,2,LAKE BRADFORD RD S,,,,,,,GAMBLE ST,,5,3,2,1,1,3,2,1,,11,1,1,1,10,,,1,,,1,,,,,661,INVESTIGATOR,,,,,TALLAHASSEE POLICE DEPARTMENT,2,2015-07-08 11:38,,,,,,,,,,,,,,,,,,,,,,,,,,,,,,,,,,,,,,,,,,,,,,,,,,,,,,,,,,,,,,
85842131,2015,2015-04-24 16:06,2015-04-24 00:00,15012269,L,1,2,0,13,50,LEON,TALLAHASSEE,2,2015-04-24 16:06,2015-04-24 16:06,2015-04-24 16:06,2015-04-24 16:30,2,,2,MICCOSUKEE RD,,,,,,,SURGEONS DR,,5,3,3,1,1,1,1,1,,11,1,1,1,1,,,1,,,1,,,,,779,OFFICER,,,,,TALLAHASSEE POLICE DEPARTMENT,2,2015-04-27 11:48,,,,,,,,,,,,,,,,,,,,,,,,,,,,,,,,,,,,,,,,,,,,,,,,,,,,,,,,,,,,,,
85092825,2015,2015-04-23 18:08,2015-04-23 00:00,150044890,L,1,2,0,13,0,LEON,UNINCORPORATED,1,2015-04-23 18:08,2015-04-23 18:08,2015-04-23 18:34,2015-04-23 18:46,2,,2,PRIVATE PROPERTY PARKING LOT (LAGNIAPPE WAY),4021,,,0,,,,,9,3,1,,1,1,1,1,3,11,8,1,1,1,,,1,,,1,,,,,11361,Dep.,,,,,Leon County Sheriff's Office,3,2015-04-29 12:02,,,,,,,,,,,,,,,,,,,,,,,,,,,,,,,,,,,,,,,,,,,,,,,,,,,,,,,,,,,,,,
85092252,2015,2015-02-01 14:50,2015-02-01 00:00,150011845,U,1,2,0,13,0,LEON,UNINCORPORATED,1,2015-02-01 14:53,2015-02-01 14:54,2015-02-01 15:10,2015-02-01 16:52,2,TURNED OVER TO LCSO THI,1,SR 20,,,,50,,W,BARINEAU RD,,3,2,1,,1,1,1,1,4,11,1,1,1,1,,,1,,,1,,,,,11507,Dep.,,,,,Leon County Sheriff's Office,3,2015-04-29 12:02,,,,,,,,,,,,,,,,,,,,,,,,,,,,,,,,,,,,,,,,,,,,,,,,,,,,,,,,,,,,,,
85858753,2015,2015-05-30 03:00,2015-07-21 09:31,150061162,U,1,2,0,13,50,LEON,Tallahassee,1,2015-05-30 06:54,2015-06-02 11:00,2015-06-02 11:00,2015-06-02 14:00,1,ATTEMPT TO IDENTIFY VEHICLE,1,N MERIDIAN ROAD,,,,100,,S,MACLAY BLVD,,4,3,2,1,5,1,1,1,1,11,1,1,1,1,,,1,,,1,,,,,11384,,,,,,LEON CO SO,3,2015-07-22 11:53,,,,,,,,,,,,,,,,,,,,,,,,,,,,,,,,,,,,,,,,,,,,,,,,,,,,,,,,,,,,,,
85091728,2015,2015-04-06 08:15,2015-04-06 00:00,150037068,U,1,2,0,13,50,LEON,Tallahassee,2,2015-04-06 08:15,2015-04-06 08:15,2015-04-06 08:15,2015-04-06 12:00,2,WAITING ON STATUS OF CYCLIST,2,KERRY FOREST PARKWAY,,,,0,,,THOMASVILLE RD,,5,3,2,,1,1,1,1,3,11,1,1,2,1,,,1,,,1,,,,,11384,Dep.,,,,,Leon County Sheriff's Office,3,2015-06-22 11:37,,,,,,,,,,,,,,,,,,,,,,,,,,,,,,,,,,,,,,,,,,,,,,,,,,,,,,,,,,,,,,
83796440,2015,2015-06-27 17:15,2015-06-27 17:33,FHPH15OFF010457,L,1,3,0,13,50,LEON,TALLAHASSEE,2,2015-06-27 17:20,2015-06-27 17:20,2015-06-27 17:20,2015-06-27 18:12,2,,2,STATE ROAD 263 (CAPITAL CIRCLE NW),,30.45875,-84.36089,0,,N,US HIGHWAY 90 (STATE ROAD 10),,3,3,77,1,1,1,1,1,3,11,1,1,2,1,,,1,,,1,,,,,3704,TROOPER,,,,,FLORIDA HIGHWAY PATROL,1,2015-07-03 11:48,,,,,,,,,,,,,,,,,,,,,,,,,,,,,,,,,,,,,,,,,,,,,,,,,,,,,,,,,,,,,,
83734767,2015,2015-07-24 13:00,2015-07-24 13:30,FHPH15OFF012238,L,2,2,0,13,50,LEON,TALLAHASSEE,2,2015-07-24 13:05,2015-07-24 13:08,2015-07-24 13:13,2015-07-24 13:44,2,,2,STATE ROAD 261,,30.4601779393852,-84.228157941252,1,,W,US 90 (STATE ROAD 10),,3,1,2,1,1,1,1,1,3,11,1,2,2,1,,,1,,,1,,,,,3577,TROOPER,,,,,FLORIDA HIGHWAY PATROL,1,2015-07-27 12:18,,,,,,,,,,,,,,,,,,,,,,,,,,,,,,,,,,,,,,,,,,,,,,,,,,,,,,,,,,,,,,
85859221,2015,2015-08-10 13:35,2015-08-10 17:18,150090495,L,1,2,0,13,50,LEON,Tallahassee,2,2015-08-10 13:35,2015-08-10 13:46,2015-08-10 14:19,2015-08-10 14:46,2,,2,WEST TENNESSEE STREET,3800,,,0,,,,,3,2,1,1,1,1,1,1,5,11,10,1,16,1,,,1,,,1,,,,,11458,,,,,,LEON CO SO,3,2015-08-11 11:59,,,,,,,,,,,,,,,,,,,,,,,,,,,,,,,,,,,,,,,,,,,,,,,,,,,,,,,,,,,,,,
86211397,2015,2015-08-15 22:46,2015-08-16 00:00,15025127,L,1,2,0,13,50,LEON,TALLAHASSEE,2,2015-08-15 22:46,2015-08-15 22:47,2015-08-15 22:54,2015-08-15 23:54,2,,2,CAPITAL CIR NW,,,,200,,S,BRITTANY BLVD,,3,3,1,1,4,1,1,1,,11,1,1,1,1,,,1,,,1,,,,,557,OFFICER,,,,,TALLAHASSEE POLICE DEPARTMENT,2,2015-08-17 11:23,,,,,,,,,,,,,,,,,,,,,,,,,,,,,,,,,,,,,,,,,,,,,,,,,,,,,,,,,,,,,,
86211402,2015,2015-08-16 13:00,2015-08-17 00:00,15025178,U,1,2,0,13,50,LEON,TALLAHASSEE,2,2015-08-16 13:14,2015-08-16 13:22,2015-08-16 13:35,2015-08-16 14:30,2,,2,US 319 NB,,,,,,,LIVE OAK PLANTATION RD,,2,3,3,1,1,2,1,1,,11,1,1,1,1,,,1,,,1,,,,,718,OFFICER,,,,,TALLAHASSEE POLICE DEPARTMENT,2,2015-08-20 11:51,,,,,,,,,,,,,,,,,,,,,,,,,,,,,,,,,,,,,,,,,,,,,,,,,,,,,,,,,,,,,,
86212061,2015,2015-09-01 15:05,2015-09-01 00:00,15027168,L,1,2,0,13,50,LEON,TALLAHASSEE,2,2015-09-01 15:08,2015-09-01 15:08,2015-09-01 15:12,2015-09-01 16:30,2,,2,MISSION TRACE BLVD,,,,,,,REMER CT,,5,1,3,1,1,2,1,1,,11,1,1,1,1,,,1,,,1,,,,,377,OFC,,,,,TALLAHASSEE POLICE DEPARTMENT,2,2015-09-10 12:18,,,,,,,,,,,,,,,,,,,,,,,,,,,,,,,,,,,,,,,,,,,,,,,,,,,,,,,,,,,,,,
86211449,2015,2015-08-17 13:26,2015-08-18 00:00,15025269,L,1,2,0,13,50,LEON,TALLAHASSEE,2,2015-08-17 13:26,2015-08-17 13:26,2015-08-17 13:26,2015-08-17 13:45,2,,2,TENNESSEE ST W,,,,150,,W,CALIARK ST,,2,3,1,1,1,1,1,1,,11,1,1,1,1,,,1,,,1,,,,,325,OFFICER,,,,,TALLAHASSEE POLICE DEPARTMENT,2,2015-08-19 11:56,,,,,,,,,,,,,,,,,,,,,,,,,,,,,,,,,,,,,,,,,,,,,,,,,,,,,,,,,,,,,,
86212320,2015,2015-09-17 08:42,2015-09-17 00:00,15029054,L,1,2,0,13,50,LEON,TALLAHASSEE,2,2015-09-17 08:42,2015-09-17 08:46,2015-09-17 09:03,2015-09-17 09:40,1,HIT AND RUN INVESTGATION,2,CAPITAL CIR NE,,,,200,,S,KILLEARN CENTER BLVD,,2,3,1,1,1,2,1,1,,11,1,1,1,1,,,1,,,1,,,,,729,OFFICER,,,,,TALLAHASSEE POLICE DEPARTMENT,2,2015-09-19 12:00,,,,,,,,,,,,,,,,,,,,,,,,,,,,,,,,,,,,,,,,,,,,,,,,,,,,,,,,,,,,,,
86212669,2015,2015-09-29 21:34,2015-09-29 00:00,15030492,L,1,2,0,13,50,LEON,TALLAHASSEE,2,2015-09-29 21:34,2015-09-29 21:34,2015-09-29 21:36,2015-09-29 21:58,2,,2,JACKSON BLUFF RD,1525,,,,,,,,9,3,1,1,4,2,1,1,,11,10,1,1,1,,,1,,,1,,,,,711,OFC,,,,,TALLAHASSEE POLICE DEPARTMENT,2,2015-10-02 12:23,,,,,,,,,,,,,,,,,,,,,,,,,,,,,,,,,,,,,,,,,,,,,,,,,,,,,,,,,,,,,,
85859717,2015,2015-10-14 19:46,2015-10-16 04:09,150121405,L,1,2,0,13,0,LEON,Unincorporated - Leon County,1,2015-10-14 19:46,2015-10-14 19:47,2015-10-14 20:07,2015-10-14 20:51,2,,2,AVONDALE WAY,,,,0,,,DEVONSHIRE CT,,5,2,2,1,4,1,1,1,77,11,1,1,2,1,,,1,,,1,,,,,11618,,,,,,LEON CO SO,3,2015-10-17 12:11,,,,,,,,,,,,,,,,,,,,,,,,,,,,,,,,,,,,,,,,,,,,,,,,,,,,,,,,,,,,,,
86212790,2015,2015-10-04 13:20,2015-10-04 00:00,15031028,L,1,2,0,13,50,LEON,TALLAHASSEE,2,2015-10-04 13:20,2015-10-04 13:21,2015-10-04 13:23,2015-10-04 14:00,2,,2,OCALA RD,,,,75,,S,HERITAGE GROVE CIR,,5,3,1,1,1,1,1,1,,11,1,1,1,1,,,1,,,1,,,,,744,OFC,,,,,TALLAHASSEE POLICE DEPARTMENT,2,2015-10-09 12:02,,,,,,,,,,,,,,,,,,,,,,,,,,,,,,,,,,,,,,,,,,,,,,,,,,,,,,,,,,,,,,
86213731,2015,2015-11-02 08:53,2015-11-02 00:00,15034688,L,1,2,0,13,50,LEON,TALLAHASSEE,2,2015-11-02 08:53,2015-11-02 08:54,2015-11-02 08:58,2015-11-02 10:45,2,,2,KERRY FOREST PKWY,,,,,,,VELDA DAIRY RD,,5,2,2,1,1,2,1,1,,11,1,1,1,1,,,1,,,1,,,,,545,OFFICER,,,,,TALLAHASSEE POLICE DEPARTMENT,2,2015-11-03 13:12,,,,,,,,,,,,,,,,,,,,,,,,,,,,,,,,,,,,,,,,,,,,,,,,,,,,,,,,,,,,,,
86213670,2015,2015-10-30 21:29,2015-10-30 00:00,15034376,L,1,2,0,13,50,LEON,TALLAHASSEE,2,2015-10-30 21:29,2015-10-30 21:31,2015-10-30 21:36,2015-10-30 22:42,2,,2,TENNESSEE ST W,,,,,,,WHITE DR,,2,3,2,1,4,1,1,1,,11,1,1,1,1,,,1,,,1,,,,,504,OFFICER,,,,,TALLAHASSEE POLICE DEPARTMENT,2,2015-11-03 13:12,,,,,,,,,,,,,,,,,,,,,,,,,,,,,,,,,,,,,,,,,,,,,,,,,,,,,,,,,,,,,,
83829348,2015,2015-07-31 03:47,2015-11-13 09:58,FHPH15OFF012674,U,2,5,0,13,0,LEON,UNINCORPORATED,1,2015-07-31 03:50,2015-07-31 03:51,2015-07-31 03:59,2015-07-31 07:31,2,,2,US 27 (STATE ROAD 63),,30.4962783358725,-84.3260233275795,,,,WIGGINTON ROAD,,2,1,2,2,5,2,1,1,77,11,1,1,1,1,,,1,,,1,,,,,2686,CORPORAL,,,,,FLORIDA HIGHWAY PATROL,1,2015-11-15 13:05,,,,,,,,,,,,,,,,,,,,,,,,,,,,,,,,,,,,,,,,,,,,,,,,,,,,,,,,,,,,,,
86214702,2015,2015-12-07 12:39,2015-12-07 00:00,15038629,L,1,2,0,13,50,LEON,TALLAHASSEE,2,2015-12-07 12:39,2015-12-07 12:41,2015-12-07 12:42,2015-12-07 13:20,2,,2,VIRGINIA ST W,630,,,30,,W,COPELAND AVE,,5,3,77,1,1,1,1,1,,11,3,1,1,1,,,1,,,1,,,,,759,OFFICER,,,,,TALLAHASSEE POLICE DEPARTMENT,2,2015-12-08 14:41,,,,,,,,,,,,,,,,,,,,,,,,,,,,,,,,,,,,,,,,,,,,,,,,,,,,,,,,,,,,,,
86213815,2015,2015-11-05 07:50,2016-01-11 00:00,15035038,U,1,2,0,13,50,LEON,TALLAHASSEE,2,2015-11-05 07:50,2015-11-05 07:51,2015-11-05 07:53,2015-11-05 08:30,2,,2,MERIDIAN RD N,,,,,,,STARMOUNT DR,,4,3,3,1,1,2,2,1,,11,1,1,1,1,,,1,,,1,,,,,365,OFFICER,,,,,TALLAHASSEE POLICE DEPARTMENT,2,2016-01-15 15:05,,,,,,,,,,,,,,,,,,,,,,,,,,,,,,,,,,,,,,,,,,,,,,,,,,,,,,,,,,,,,,
86214436,2015,2015-11-27 00:30,2016-01-15 00:00,15037536,U,1,2,0,13,50,LEON,TALLAHASSEE,2,2015-11-27 00:40,2015-11-27 00:40,2015-11-27 00:40,2015-11-27 01:15,2,,2,MONROE ST N,2698,,,,,,,,9,2,1,2,4,1,1,1,,11,8,1,1,1,,,1,,,1,,,,,365,OFFICER,,,,,TALLAHASSEE POLICE DEPARTMENT,2,2016-01-17 13:35,,,,,,,,,,,,,,,,,,,,,,,,,,,,,,,,,,,,,,,,,,,,,,,,,,,,,,,,,,,,,,
86216128,2016,2016-02-04 23:38,2016-02-18 00:00,16003937,U,1,2,0,13,50,LEON,TALLAHASSEE,2,2016-02-04 23:43,2016-02-04 23:51,2016-02-04 00:01,2016-02-04 13:30,2,,2,TENNESSEE ST W,2614,,,,,,,,9,3,1,1,4,1,1,1,,11,2,1,4,1,,,1,,,1,,,,,365,OFFICER,,,,,TALLAHASSEE POLICE DEPARTMENT,2,2016-02-21 14:22,,,,,,,,,,,,,,,,,,,,,,,,,,,,,,,,,,,,,,,,,,,,,,,,,,,,,,,,,,,,,,
86448989,2016,2016-02-27 23:49,2016-02-26 00:00,16006485,L,1,3,0,13,50,LEON,TALLAHASSEE,2,2016-02-27 23:49,2016-02-27 23:50,2016-02-27 23:52,2016-02-27 00:15,2,,2,PENSACOLA ST W,,,,25,,W,AUSLEY RD,,3,3,1,1,5,1,1,1,,11,1,1,1,77,,,1,,,1,,,,,322,OFFICER,,,,,TALLAHASSEE POLICE DEPARTMENT,2,2016-04-25 14:32,,,,,,,,,,,,,,,,,,,,,,,,,,,,,,,,,,,,,,,,,,,,,,,,,,,,,,,,,,,,,,
86502755,2016,2016-03-22 17:27,2016-03-23 00:04,160041674,L,1,2,0,13,0,LEON,Unincorporated - Leon County,1,2016-03-22 17:27,2016-03-22 17:28,2016-03-22 17:36,2016-03-22 18:29,2,,2,BUCK LAKE RD,,,,1354,,E,CHAIRES CROSS RD,,4,2,1,1,1,1,1,1,77,11,1,1,1,1,,,1,,,1,,,,,11509,,,,,,LEON CO SO,3,2016-03-23 14:55,,,,,,,,,,,,,,,,,,,,,,,,,,,,,,,,,,,,,,,,,,,,,,,,,,,,,,,,,,,,,,
86503702,2016,2016-08-10 13:00,2016-09-22 11:59,160115713,U,1,2,0,13,50,LEON,Tallahassee,2,2016-08-10 13:01,2016-08-10 13:31,2016-08-10 13:32,2016-08-10 16:15,2,,2,PENSACOLA ST W,,,,204,,S,MABRY ST,,3,3,1,2,77,3,2,1,77,11,1,1,1,10,,,88,,,1,,,,,10825,,,,,,LEON CO SO,3,2016-09-23 15:26,,,,,,,,,,,,,,,,,,,,,,,,,,,,,,,,,,,,,,,,,,,,,,,,,,,,,,,,,,,,,,
86449815,2016,2016-03-29 18:05,2016-03-20 00:00,16009923,L,1,2,0,13,50,LEON,TALLAHASSEE,2,2016-03-29 18:09,2016-03-29 18:10,2016-03-29 18:13,2016-03-29 19:54,2,,2,PAUL RUSSELL RD,,,,75,,S,OLD ST AUGUSTINE RD,,5,3,1,2,1,1,1,1,,11,1,1,1,1,,,1,,,1,,,,,798,OFC,,,,,TALLAHASSEE POLICE DEPARTMENT,2,2016-04-01 23:39,,,,,,,,,,,,,,,,,,,,,,,,,,,,,,,,,,,,,,,,,,,,,,,,,,,,,,,,,,,,,,
86450865,2016,2016-05-06 11:00,2016-05-06 00:00,16014489,L,1,2,0,13,50,LEON,TALLAHASSEE,2,2016-05-06 11:04,2016-05-06 11:07,2016-05-06 11:18,2016-05-06 12:04,1,HIT AND RUN,2,BLAIRSTONE LN,,,,,,,BLAIR STONE RD S,,5,3,3,1,1,1,1,1,,11,2,1,1,1,,,1,,,1,,,,,589,OFC,,,,,TALLAHASSEE POLICE DEPARTMENT,2,2016-05-08 15:27,,,,,,,,,,,,,,,,,,,,,,,,,,,,,,,,,,,,,,,,,,,,,,,,,,,,,,,,,,,,,,
86452986,2016,2016-08-04 09:26,2016-08-04 00:00,16025001,L,1,2,0,13,50,LEON,TALLAHASSEE,2,2016-08-04 09:26,2016-08-04 09:27,2016-08-04 09:31,2016-08-04 09:45,2,,2,WOODWARD AVE,,,,,,,TENN ST W,,5,3,2,1,1,1,1,1,,11,1,2,2,1,,,1,,,1,,,,,744,OFC,,,,,TALLAHASSEE POLICE DEPARTMENT,2,2016-08-06 15:08,,,,,,,,,,,,,,,,,,,,,,,,,,,,,,,,,,,,,,,,,,,,,,,,,,,,,,,,,,,,,,
86450755,2016,2016-05-02 14:29,2016-05-02 00:00,16014017,L,1,2,0,13,50,LEON,TALLAHASSEE,2,2016-05-02 14:29,2016-05-02 14:29,2016-05-02 14:29,2016-05-02 15:14,2,,2,APALACHEE PKWY,1500,,,700,,E,BLAIR STONE RD S,,2,3,1,1,1,1,1,1,,11,1,1,4,1,,,1,,,1,,,,,557,OFFICER,,,,,TALLAHASSEE POLICE DEPARTMENT,2,2016-05-08 15:27,,,,,,,,,,,,,,,,,,,,,,,,,,,,,,,,,,,,,,,,,,,,,,,,,,,,,,,,,,,,,,
86503267,2016,2016-06-01 13:15,2016-08-01 15:39,160078540,U,1,2,0,13,0,LEON,Unincorporated - Leon County,1,2016-06-01 13:17,2016-06-01 13:18,2016-06-01 13:23,2016-06-01 15:30,2,,2,FRED GEORGE RD,,,,30,,E,WOODBRIAR LN,,5,1,1,2,1,2,1,1,77,11,1,1,1,1,,,1,,,1,,,,,11987,,,,,,LEON CO SO,3,2016-08-02 15:54,,,,,,,,,,,,,,,,,,,,,,,,,,,,,,,,,,,,,,,,,,,,,,,,,,,,,,,,,,,,,,
86215845,2016,2016-01-26 14:03,2016-01-26 00:00,16002896,L,1,2,0,13,50,LEON,TALLAHASSEE,2,2016-01-26 14:03,2016-01-26 14:20,2016-01-26 14:25,2016-01-26 15:30,2,,2,MACOMB ST N,,,,,,,CAROLINA ST W,,5,3,2,1,1,1,1,1,,11,1,1,1,1,,,1,,,1,,,,,759,OFFICER,,,,,TALLAHASSEE POLICE DEPARTMENT,2,2016-01-28 13:33,,,,,,,,,,,,,,,,,,,,,,,,,,,,,,,,,,,,,,,,,,,,,,,,,,,,,,,,,,,,,,
83775185,2016,2016-02-26 15:40,2016-02-26 16:18,FHPH16OFF003323,S,1,2,0,13,50,LEON,TALLAHASSEE,1,2016-02-26 15:51,2016-02-26 15:56,2016-02-26 16:01,2016-02-26 17:00,2,,2,INTERSTATE 10 WB 199 EXIT RAMP,,30.48144,-84.31368,25,,E,US 27 NB,,2,3,1,1,1,1,1,1,77,11,1,2,1,1,,,1,,,1,,,,,3274,TROOPER,,,,,FLORIDA HIGHWAY PATROL,1,2016-03-02 14:41,,,,,,,,,,,,,,,,,,,,,,,,,,,,,,,,,,,,,,,,,,,,,,,,,,,,,,,,,,,,,,
86503224,2016,2016-05-23 17:20,2016-05-24 00:57,160073666,L,1,2,0,13,50,LEON,Tallahassee,2,2016-05-23 17:25,2016-05-23 17:30,2016-05-23 17:53,2016-05-23 18:43,2,,2,HODGES DR,,,,0,,,CENTERVILLE RD,,5,3,3,1,1,1,1,1,77,11,1,1,3,1,,,1,,,1,,,,,11910,,,,,,LEON CO SO,3,2016-05-25 14:38,,,,,,,,,,,,,,,,,,,,,,,,,,,,,,,,,,,,,,,,,,,,,,,,,,,,,,,,,,,,,,
86453111,2016,2016-08-09 17:28,2016-08-09 00:00,16025578,L,1,3,0,13,50,LEON,TALLAHASSEE,2,2016-08-09 17:28,2016-08-09 17:29,2016-08-09 17:34,2016-08-09 18:05,2,,2,MERCHANTS ROW BLVD,,,,,,,CAPITAL CIR SE,,5,3,2,1,1,3,2,1,,11,1,1,16,1,,,1,,,1,,,,,308,OFC,,,,,TALLAHASSEE POLICE DEPARTMENT,2,2016-08-14 14:54,,,,,,,,,,,,,,,,,,,,,,,,,,,,,,,,,,,,,,,,,,,,,,,,,,,,,,,,,,,,,,
86456026,2016,2016-11-16 09:12,2016-11-16 00:00,16037434,L,1,1,0,13,50,LEON,TALLAHASSEE,2,2016-11-16 09:12,2016-11-16 09:12,2016-11-16 09:25,2016-11-16 10:00,2,,2,REMINGTON GREEN CIR,,,,,,,HERMITAGE BLVD,,5,3,3,1,1,1,1,1,,11,2,1,1,1,,,1,,,1,,,,,773,OFC,,,,,TALLAHASSEE POLICE DEPARTMENT,2,2016-11-22 15:40,,,,,,,,,,,,,,,,,,,,,,,,,,,,,,,,,,,,,,,,,,,,,,,,,,,,,,,,,,,,,,
86453620,2016,2016-08-29 11:02,2016-08-29 00:00,16027941,L,1,2,0,13,50,LEON,TALLAHASSEE,2,2016-08-29 11:03,2016-08-29 11:04,2016-08-29 11:09,2016-08-29 11:50,2,,2,MURPHREE ST,,,,5,,S,TENN ST W,,5,3,3,1,1,1,1,1,,11,1,1,3,1,,,1,,,1,,,,,744,OFC,,,,,TALLAHASSEE POLICE DEPARTMENT,2,2016-08-31 15:31,,,,,,,,,,,,,,,,,,,,,,,,,,,,,,,,,,,,,,,,,,,,,,,,,,,,,,,,,,,,,,
86452968,2016,2016-08-03 21:35,2016-08-03 00:00,16024932,L,1,2,0,13,50,LEON,TALLAHASSEE,2,2016-08-03 21:35,2016-08-03 21:35,2016-08-03 21:50,2016-08-03 22:20,2,,2,HIGH RD,,,,,,S,SUNSET LN,,5,3,3,1,4,1,1,1,,11,1,1,2,1,,,1,,,1,,,,,689,OFC,,,,,TALLAHASSEE POLICE DEPARTMENT,2,2016-08-06 15:08,,,,,,,,,,,,,,,,,,,,,,,,,,,,,,,,,,,,,,,,,,,,,,,,,,,,,,,,,,,,,,
86453669,2016,2016-08-30 10:02,2016-08-31 00:00,16028124,L,1,2,0,13,50,LEON,TALLAHASSEE,2,2016-08-30 10:02,2016-08-30 10:02,2016-08-30 10:02,2016-08-30 10:02,2,,2,N MONROE ST,1421,,,,,,,,9,1,1,1,4,1,1,1,,11,8,1,77,88,88,88,1,,,1,,,,,619,POLICE OFFICER,,,,,TALLAHASSEE POLICE DEPARTMENT,2,2016-09-09 15:11,,,,,,,,,,,,,,,,,,,,,,,,,,,,,,,,,,,,,,,,,,,,,,,,,,,,,,,,,,,,,,
85250201,2016,2016-12-05 18:25,2016-12-05 19:17,FHPH16OFF022639,L,1,1,0,13,0,LEON,UNINCORPORATED,1,2016-12-05 18:34,2016-12-05 18:34,2016-12-05 18:34,2016-12-05 20:44,2,,2,COUNTY ROAD 2204 (OAKRIDGE ROAD W),,30.3243870008737,-84.280272256583,10,,E,LOVIC ROAD,,4,2,1,1,5,3,2,1,1,11,1,1,1,10,,,2,,,1,,,,,3991,TROOPER,,,,,FLORIDA HIGHWAY PATROL,1,2016-12-19 14:23,,,,,,,,,,,,,,,,,,,,,,,,,,,,,,,,,,,,,,,,,,,,,,,,,,,,,,,,,,,,,,
86448647,2016,2016-02-13 18:40,2016-02-13 00:00,16005000,L,1,2,0,13,50,LEON,TALLAHASSEE,2,2016-02-13 18:40,2016-02-13 18:42,2016-02-13 18:44,2016-02-13 19:25,2,,2,CHAPEL DR,,,,300,,N,WESTRIDGE DR,,5,3,1,1,4,1,1,1,,11,1,1,1,1,,,1,,,1,,,,,565,OFFICER,,,,,TALLAHASSEE POLICE DEPARTMENT,2,2016-02-15 16:22,,,,,,,,,,,,,,,,,,,,,,,,,,,,,,,,,,,,,,,,,,,,,,,,,,,,,,,,,,,,,,
86454970,2016,2016-10-13 08:09,2016-10-13 00:00,16033291,L,1,3,0,13,50,LEON,TALLAHASSEE,2,2016-10-13 08:09,2016-10-13 08:10,2016-10-13 08:15,2016-10-13 09:15,2,,2,MAHAN DR,,,,500,,W,WEEMS RD,,2,3,1,1,1,1,1,1,,11,1,1,1,1,,,1,,,1,,,,,557,OFFICER,,,,,TALLAHASSEE POLICE DEPARTMENT,2,2016-10-23 17:23,,,,,,,,,,,,,,,,,,,,,,,,,,,,,,,,,,,,,,,,,,,,,,,,,,,,,,,,,,,,,,
86451796,2016,2016-06-14 16:00,2016-11-08 00:00,16019111,U,1,2,0,13,50,LEON,TALLAHASSEE,2,2016-06-14 16:03,2016-06-14 16:06,2016-06-14 16:12,2016-06-14 16:35,2,,2,MONROE ST,,,,,,,CALL ST,,2,3,2,1,1,1,1,1,,11,1,1,1,1,,,1,,,1,,,,,661,INVESTIGATOR,,,,,TALLAHASSEE POLICE DEPARTMENT,2,2016-11-16 15:27,,,,,,,,,,,,,,,,,,,,,,,,,,,,,,,,,,,,,,,,,,,,,,,,,,,,,,,,,,,,,,
86216106,2016,2016-02-04 11:35,2017-06-20 00:00,16003865,U,1,2,0,13,50,LEON,TALLAHASSEE,2,2016-02-04 12:05,2016-02-04 12:08,2016-02-04 12:15,2016-02-04 14:00,2,,2,MONROE ST N,,,,,,,THOMASVILLE RD,,5,3,4,1,1,3,2,1,,11,1,1,1,1,,,1,,,1,,,,,718,OFFICER,,,,,TALLAHASSEE POLICE DEPARTMENT,2,2017-06-30 15:56,,,,,,,,,,,,,,,,,,,,,,,,,,,,,,,,,,,,,,,,,,,,,,,,,,,,,,,,,,,,,,
86455494,2016,2016-10-29 10:39,2016-10-29 00:00,16035294,L,1,2,0,13,50,LEON,TALLAHASSEE,2,2016-10-29 10:39,2016-10-29 10:40,2016-10-29 10:45,2016-10-29 11:45,2,,2,AJ HENRY PARK DRIVE,,,,700,,E,WHITNEY DR E,,5,2,3,1,1,1,1,1,,11,1,1,1,1,,,1,,,1,,,,,545,OFFICER,,,,,TALLAHASSEE POLICE DEPARTMENT,2,2016-10-31 14:13,,,,,,,,,,,,,,,,,,,,,,,,,,,,,,,,,,,,,,,,,,,,,,,,,,,,,,,,,,,,,,
86504767,2017,2017-01-10 21:59,2017-01-11 04:17,170004756,L,1,2,0,13,50,LEON,Tallahassee,2,2017-01-10 21:59,2017-01-10 21:59,2017-01-10 22:03,2017-01-10 22:52,2,,2,THOMASVILLE RD,,,,50,,N,RAYMOND DIEHL RD,,3,3,1,1,4,1,1,1,4,11,1,1,1,1,,,1,,,1,,,,,11907,,,,,,LEON CO SO,3,2017-01-12 15:01,,,,,,,,,,,,,,,,,,,,,,,,,,,,,,,,,,,,,,,,,,,,,,,,,,,,,,,,,,,,,,
86458294,2017,2017-02-14 13:45,2017-02-14 00:00,17005327,L,1,2,0,13,50,LEON,TALLAHASSEE,2,2017-02-14 13:45,2017-02-14 13:58,2017-02-14 14:09,2017-02-14 14:55,2,,2,CONRADI ST,,,,,,,TENNESSEE ST W,,2,3,3,1,1,1,1,1,,11,1,1,1,1,,,1,,,1,,,,,594,OFFICER,,,,,TALLAHASSEE POLICE DEPARTMENT,2,2017-02-16 16:04,,,,,,,,,,,,,,,,,,,,,,,,,,,,,,,,,,,,,,,,,,,,,,,,,,,,,,,,,,,,,,
86504951,2017,2017-02-06 16:32,2017-02-20 16:48,170019836,L,1,2,0,13,0,LEON,Unincorporated - Leon County,1,2017-02-06 16:33,2017-02-06 16:34,2017-02-06 16:50,2017-02-06 17:29,2,,2,SPRINGHILL RD,,,,580,,N,CYPRESS POINT RD,,3,2,1,1,1,1,1,1,77,11,1,1,1,1,,,1,,,1,,,,,11996,,,,,,LEON CO SO,3,2017-02-21 15:17,,,,,,,,,,,,,,,,,,,,,,,,,,,,,,,,,,,,,,,,,,,,,,,,,,,,,,,,,,,,,,
86458402,2017,2017-02-18 23:45,2017-02-18 00:00,17005805,L,1,2,0,13,50,LEON,TALLAHASSEE,2,2017-02-18 23:50,2017-02-18 23:52,2017-02-18 23:53,2017-02-18 00:30,2,,2,STADIUM DR,,,,210,,N,CALL ST E,,5,3,1,1,4,1,1,1,,11,1,1,1,1,,,1,,,1,,,,,758,OFC,,,,,TALLAHASSEE POLICE DEPARTMENT,2,2017-02-19 14:17,,,,,,,,,,,,,,,,,,,,,,,,,,,,,,,,,,,,,,,,,,,,,,,,,,,,,,,,,,,,,,
86958269,2017,2017-06-06 07:53,2017-06-06 00:00,17018956,L,1,2,0,13,50,LEON,TALLAHASSEE,2,2017-06-06 07:53,2017-06-06 07:54,2017-06-06 07:59,2017-06-06 08:25,2,,2,CHAPEL DR,,,,150,,N,WESTRIDGE DR,,5,3,1,1,1,2,2,1,,11,1,1,1,10,,,1,,,1,,,,,789,OFC,,,,,TALLAHASSEE POLICE DEPARTMENT,2,2017-06-08 16:53,,,,,,,,,,,,,,,,,,,,,,,,,,,,,,,,,,,,,,,,,,,,,,,,,,,,,,,,,,,,,,
86505230,2017,2017-03-23 09:00,2017-03-23 15:20,170044456,L,1,2,0,13,50,LEON,Tallahassee,2,2017-03-23 11:00,2017-03-23 11:00,2017-03-23 11:00,2017-03-23 11:15,2,,1,DAWSEY ST,,,,0,,,THARPE ST E,,5,3,3,1,1,1,1,1,77,11,1,1,1,1,,,1,,,1,,,,,10690,,,,,,LEON CO SO,3,2017-03-25 16:21,,,,,,,,,,,,,,,,,,,,,,,,,,,,,,,,,,,,,,,,,,,,,,,,,,,,,,,,,,,,,,
86956618,2017,2017-03-31 17:30,2017-03-31 00:00,17010896,L,1,2,0,13,50,LEON,TALLAHASSEE,2,2017-03-31 17:34,2017-03-31 17:35,2017-03-31 17:39,2017-03-31 18:00,2,,2,TENNESSEE ST W,2009,,,,,,,,9,3,1,1,1,1,1,1,,11,8,1,1,1,,,1,,,1,,,,,377,OFC,,,,,TALLAHASSEE POLICE DEPARTMENT,2,2017-04-02 15:29,,,,,,,,,,,,,,,,,,,,,,,,,,,,,,,,,,,,,,,,,,,,,,,,,,,,,,,,,,,,,,
86505202,2017,2017-03-20 21:12,2017-04-04 08:11,170042894,U,1,2,0,13,50,LEON,Tallahassee,2,2017-03-20 21:12,2017-03-20 21:12,2017-03-20 21:37,2017-03-20 21:53,1,HIT AND RUN,2,TENNESSEE ST W,,,,0,,,OCALA RD,,2,3,2,2,4,1,1,1,77,11,1,1,1,1,,,1,,,1,,,,,11907,,,,,,LEON CO SO,2,2017-04-06 15:34,,,,,,,,,,,,,,,,,,,,,,,,,,,,,,,,,,,,,,,,,,,,,,,,,,,,,,,,,,,,,,
85431836,2017,2017-04-08 22:31,2017-04-08 23:16,FHPH17OFF006254,L,1,2,0,13,0,LEON,UNINCORPORATED,1,2017-04-08 22:36,2017-04-08 22:42,2017-04-08 22:59,2017-04-08 23:55,2,,2,PENSACOLA STREET (SR-366),,30.4367162380367,-84.3494825530797,20,,S,BLOUNTSTOWN HIGHWAY (SR-20),,3,1,2,1,6,1,1,1,77,11,1,2,2,1,,,1,,,1,,,,,3470,TROOPER,,,,,FLORIDA HIGHWAY PATROL,1,2017-04-13 16:42,,,,,,,,,,,,,,,,,,,,,,,,,,,,,,,,,,,,,,,,,,,,,,,,,,,,,,,,,,,,,,
86957484,2017,2017-05-02 19:01,2017-05-02 00:00,17014866,L,1,2,0,13,50,LEON,TALLAHASSEE,2,2017-05-02 19:01,2017-05-02 19:02,2017-05-02 19:08,2017-05-02 19:29,2,,2,HUTCHINSON ST,,,,,,,HOLMES ST,,5,1,3,2,1,2,1,1,,11,1,1,1,1,,,1,,,1,,,,,786,PATROL SW AFTERNOON,,,,,TALLAHASSEE POLICE DEPARTMENT,2,2017-05-04 16:30,,,,,,,,,,,,,,,,,,,,,,,,,,,,,,,,,,,,,,,,,,,,,,,,,,,,,,,,,,,,,,
86957646,2017,2017-05-07 15:31,2017-05-07 00:00,17015489,L,1,3,0,13,50,LEON,TALLAHASSEE,2,2017-05-07 15:32,2017-05-07 15:33,2017-05-07 15:38,2017-05-07 16:05,2,,2,CRAWFORDVILLE RD,,,,,,,WILSON GREEN BLVD,,3,3,3,1,1,1,1,1,,11,1,2,2,1,,,1,,,1,,,,,541,OFFICER,,,,,TALLAHASSEE POLICE DEPARTMENT,2,2017-05-08 16:11,,,,,,,,,,,,,,,,,,,,,,,,,,,,,,,,,,,,,,,,,,,,,,,,,,,,,,,,,,,,,,
86957787,2017,2017-05-14 14:00,2017-05-14 00:00,17016246,L,1,2,0,13,50,LEON,TALLAHASSEE,2,2017-05-14 14:00,2017-05-14 14:02,2017-05-14 14:02,2017-05-14 14:50,2,,2,ESCAMBIA DR,,,,10,,E,WHITE DR,,5,3,2,1,1,1,1,1,,11,1,1,1,1,,,1,,,1,,,,,523,OFFICER,,,,,TALLAHASSEE POLICE DEPARTMENT,2,2017-05-15 15:15,,,,,,,,,,,,,,,,,,,,,,,,,,,,,,,,,,,,,,,,,,,,,,,,,,,,,,,,,,,,,,
85465213,2017,2017-04-01 11:00,2017-06-27 07:09,FHPH17OFF005692,U,1,3,0,13,0,LEON,UNINCORPORATED,1,2017-04-01 11:09,2017-04-01 11:11,2017-04-01 11:22,2017-04-01 13:56,2,,2,COUNTY ROAD 2204 (OAK RIDGE ROAD),,30.321398768574,-84.2518040444702,89,,W,OLD WOODVILLE ROAD,,4,2,77,2,1,1,1,1,3,11,1,1,3,1,,,1,,,1,,,,,1204,CORPORAL,,,,,FLORIDA HIGHWAY PATROL,1,2017-06-28 14:42,,,,,,,,,,,,,,,,,,,,,,,,,,,,,,,,,,,,,,,,,,,,,,,,,,,,,,,,,,,,,,
86957894,2017,2017-05-18 17:25,2017-05-18 00:00,17016747,L,1,1,0,13,50,LEON,TALLAHASSEE,2,2017-05-18 17:28,2017-05-18 17:28,2017-05-18 17:30,2017-05-18 18:00,2,,2,MONROE ST S,,,,50,,N,PALMER AVE E,,2,3,1,1,1,1,1,1,,11,1,1,1,1,,,1,,,1,,,,,632,OFFICER,,,,,TALLAHASSEE POLICE DEPARTMENT,2,2017-05-24 17:55,,,,,,,,,,,,,,,,,,,,,,,,,,,,,,,,,,,,,,,,,,,,,,,,,,,,,,,,,,,,,,
86958787,2017,2017-06-27 21:20,2017-06-27 00:00,17021523,L,1,2,0,13,50,LEON,TALLAHASSEE,2,2017-06-27 21:20,2017-06-27 21:20,2017-06-27 21:23,2017-06-27 22:30,2,,2,APALACHEE PKWY,,30.43062,-84.244967,,,,LINDA ANN DR,,5,3,2,1,4,1,1,1,,11,1,1,3,1,,,1,,,1,,,,,540,OFFICER,,,,,TALLAHASSEE POLICE DEPARTMENT,2,2017-06-30 15:56,,,,,,,,,,,,,,,,,,,,,,,,,,,,,,,,,,,,,,,,,,,,,,,,,,,,,,,,,,,,,,
85334625,2017,2017-07-29 21:02,2017-07-30 00:42,FHPH17OFF014086,L,1,3,0,13,0,LEON,UNINCORPORATED,1,2017-07-29 21:11,2017-07-29 21:19,2017-07-29 21:38,2017-07-29 22:19,2,,2,OLD WOODVILLE ROAD,,30.314011881128,-84.2498506419361,,,,ELGIN ROAD,,4,2,3,1,5,2,1,1,3,11,1,1,2,1,,,1,,,1,,,,,3322,TROOPER,,,,,FLORIDA HIGHWAY PATROL,1,2017-08-04 13:52,,,,,,,,,,,,,,,,,,,,,,,,,,,,,,,,,,,,,,,,,,,,,,,,,,,,,,,,,,,,,,
87302603,2017,2017-07-26 13:19,2017-08-01 07:52,170108106,L,1,3,0,13,50,LEON,Tallahassee,2,2017-07-26 13:19,2017-07-26 13:19,2017-07-26 13:39,2017-07-26 13:56,2,,1,TRAM RD,,,,0,,,SOUTH MONROE STREET,,5,3,3,1,1,1,1,1,3,11,1,1,1,1,,,1,,,1,,,,,10228,,,,,,LEON CO SO,3,2017-08-02 13:58,,,,,,,,,,,,,,,,,,,,,,,,,,,,,,,,,,,,,,,,,,,,,,,,,,,,,,,,,,,,,,
86959438,2017,2017-07-28 06:30,2017-07-28 00:00,17025170,L,1,2,0,13,50,LEON,TALLAHASSEE,2,2017-07-28 06:30,2017-07-28 06:30,2017-07-28 06:33,2017-07-28 07:00,2,,2,RIVOLI RD,,30.440155,-84.309205,3,,W,W PENSACOLA ST,,3,3,3,2,4,1,1,1,,11,1,1,2,1,,,1,,,1,,,,,215,SERGEANT,,,,,TALLAHASSEE POLICE DEPARTMENT,2,2017-07-30 14:09,,,,,,,,,,,,,,,,,,,,,,,,,,,,,,,,,,,,,,,,,,,,,,,,,,,,,,,,,,,,,,
86959930,2017,2017-08-18 19:00,2017-08-18 00:00,17027725,L,1,2,0,13,50,LEON,TALLAHASSEE,2,2017-08-18 19:02,2017-08-18 19:04,2017-08-18 19:11,2017-08-18 19:30,2,,2,N MACOMB ST,,30.444854,-84.288552,60,,N,W TENNESSEE ST,,5,3,2,1,1,2,1,1,,11,1,1,3,1,,,1,,,1,,,,,798,OFC,,,,,TALLAHASSEE POLICE DEPARTMENT,2,2017-08-23 15:23,,,,,,,,,,,,,,,,,,,,,,,,,,,,,,,,,,,,,,,,,,,,,,,,,,,,,,,,,,,,,,
85579627,2017,2017-08-14 14:54,2017-08-14 15:19,FHPH17OFF015223,L,1,2,0,13,50,LEON,TALLAHASSEE,1,2017-08-14 14:59,2017-08-14 15:00,2017-08-14 15:00,2017-08-14 15:26,2,,2,US 90 (SR-10),,30.46168,-84.39093,,0.4,W,BETHEL CHURCH ROAD,,2,1,1,1,1,3,2,1,77,11,1,1,1,1,,,1,,,1,,,,,4256,TROOPER,,,,,FLORIDA HIGHWAY PATROL,1,2017-08-21 13:51,,,,,,,,,,,,,,,,,,,,,,,,,,,,,,,,,,,,,,,,,,,,,,,,,,,,,,,,,,,,,,
86960703,2017,2017-09-16 17:39,2017-09-16 00:00,17031085,L,1,2,0,13,50,LEON,TALLAHASSEE,2,2017-09-16 17:39,2017-09-16 18:21,2017-09-16 18:30,2017-09-16 19:00,2,,2,RAA AVE,,30.467596,-84.319229,450,,W,NANTICOKE CIR,,5,3,1,1,1,3,2,1,,11,1,1,1,1,,,1,,,1,,,,,377,OFC,,,,,TALLAHASSEE POLICE DEPARTMENT,2,2017-09-17 13:57,,,,,,,,,,,,,,,,,,,,,,,,,,,,,,,,,,,,,,,,,,,,,,,,,,,,,,,,,,,,,,
86961538,2017,2017-10-12 13:45,2017-10-12 00:00,17034589,L,1,2,0,13,50,LEON,TALLAHASSEE,2,2017-10-12 13:46,2017-10-12 14:46,2017-10-12 14:48,2017-10-12 14:45,2,,2,STADIUM DR,,30.448327,-84.306636,238,,S,W TENNESSEE ST,,5,3,1,1,1,1,1,1,,11,3,1,4,1,,,3,,,1,,,,,744,OFC,,,,,TALLAHASSEE POLICE DEPARTMENT,2,2017-10-13 14:29,,,,,,,,,,,,,,,,,,,,,,,,,,,,,,,,,,,,,,,,,,,,,,,,,,,,,,,,,,,,,,
87502974,2017,2017-11-21 17:15,2017-11-25 07:41,170171049,L,1,2,0,13,50,LEON,Tallahassee,2,2017-11-21 17:26,2017-11-21 17:26,2017-11-21 17:26,2017-11-21 18:34,2,,1,OLD ST AUGUSTINE RD,,,,0,,,BLAIR STONE RD,,5,3,2,1,4,3,2,1,77,11,1,1,1,1,,,1,,,1,,,,,10628,,,,,,LEON CO SO,3,2017-11-26 14:09,,,,,,,,,,,,,,,,,,,,,,,,,,,,,,,,,,,,,,,,,,,,,,,,,,,,,,,,,,,,,,
86963055,2017,2017-12-05 10:47,2017-12-05 00:00,17041116,L,2,3,0,13,50,LEON,TALLAHASSEE,2,2017-12-05 10:47,2017-12-05 10:47,2017-12-05 10:51,2017-12-05 12:45,2,,2,PASCO ST,,,,,,,PALM BEACH ST,,5,3,2,2,1,1,1,1,,11,1,1,2,1,,,1,,,1,,,,,523,OFFICER,,,,,TALLAHASSEE POLICE DEPARTMENT,2,2017-12-07 14:55,,,,,,,,,,,,,,,,,,,,,,,,,,,,,,,,,,,,,,,,,,,,,,,,,,,,,,,,,,,,,,
87503087,2017,2017-12-18 18:26,2017-12-19 02:50,170184666,L,1,2,0,13,50,LEON,Tallahassee,2,2017-12-18 18:28,2017-12-18 18:28,2017-12-18 18:28,2017-12-18 18:59,2,,2,W TENNESSEE ST,640,,,0,,,,,5,1,1,1,4,4,2,1,77,11,8,1,1,1,,,1,,,1,,,,,11718,,,,,,LEON CO SO,3,2017-12-21 14:38,,,,,,,,,,,,,,,,,,,,,,,,,,,,,,,,,,,,,,,,,,,,,,,,,,,,,,,,,,,,,,
85431833,2017,2017-03-28 18:03,2018-09-25 08:53,FHPH17OFF005457,U,1,2,0,13,0,LEON,UNINCORPORATED,1,2017-03-28 18:08,2017-03-28 18:13,2017-03-28 18:22,2017-03-28 23:00,2,,2,U.S. HIGHWAY 90 (SR-10),,30.4955924861133,-84.1066283918917,,0.5,E,WADESBORO ROAD,,2,1,1,2,1,1,1,1,77,11,1,1,1,1,,,1,,,1,,,,,2577,CORPORAL,,,,,FLORIDA HIGHWAY PATROL,1,2018-09-27 14:39,,,,,,,,,,,,,,,,,,,,,,,,,,,,,,,,,,,,,,,,,,,,,,,,,,,,,,,,,,,,,,
85577029,2017,2017-12-27 18:32,2018-10-07 14:29,FHPH17OFF025271,U,1,2,0,13,0,LEON,UNINCORPORATED,1,2017-12-27 18:37,2017-12-27 18:39,2017-12-27 18:46,2017-12-27 19:32,2,,2,COUNTY ROAD 0361,,30.5347567610443,-84.3617017753422,,,,ANNETTE DR,,4,2,3,1,5,3,2,1,88,11,1,2,2,10,,,2,,,1,,,,,1413,CORPORAL,,,,,FLORIDA HIGHWAY PATROL,1,2018-10-09 14:15,,,,,,,,,,,,,,,,,,,,,,,,,,,,,,,,,,,,,,,,,,,,,,,,,,,,,,,,,,,,,,
86964380,2018,2018-01-29 08:31,2018-01-29 00:00,18003105,L,1,2,0,13,50,LEON,TALLAHASSEE,2,2018-01-29 08:31,2018-01-29 08:32,2018-01-29 08:40,2018-01-29 09:30,2,,2,PINELLAS ST,,30.432184,-84.293783,528,,N,EUGENIA ST,,5,3,6,1,1,2,2,1,,11,1,1,77,1,,,1,,,1,,,,,511,OFFICER,,,,,TALLAHASSEE POLICE DEPARTMENT,2,2018-01-30 14:56,EC2,0,,,,,,,,,,,,,,,,,,,,,,,,,,,,,,,,,,,,,,,,,,,,,,,,,,,,,,,,,,,,
85579687,2018,2018-01-29 18:54,2018-01-29 19:32,FHPH18OFF001936,L,1,2,0,13,0,LEON,UNINCORPORATED,1,2018-01-29 19:05,2018-01-29 19:07,2018-01-29 19:09,2018-01-29 19:55,2,,2,AENON LANE,,30.4409202653915,-84.3733472563326,1000,,E,COUNTY ROAD 1581,,8,1,1,1,5,2,1,1,3,11,1,1,1,1,,,1,,,1,,,,,4256,TROOPER,,,,,FLORIDA HIGHWAY PATROL,1,2018-02-01 14:35,EC2,0,,,,,,,,,,,,,,,,,,,,,,,,,,,,,,,,,,,,,,,,,,,,,,,,,,,,,,,,,,,,
86964519,2018,2018-02-03 16:22,2018-02-03 00:00,18003753,L,1,4,0,13,50,LEON,TALLAHASSEE,2,2018-02-03 16:23,2018-02-03 16:23,2018-02-03 16:24,2018-02-03 17:05,2,,2,GIBBS DR,,30.46242,-84.291845,,,,MONTICELLO DR,,5,2,3,1,1,1,1,1,,11,1,1,2,1,,,1,,,1,,,,,541,OFFICER,,,,,TALLAHASSEE POLICE DEPARTMENT,2,2018-02-05 13:51,EC2,0,,,,,,,,,,,,,,,,,,,,,,,,,,,,,,,,,,,,,,,,,,,,,,,,,,,,,,,,,,,,
86964796,2018,2018-02-13 09:00,2018-02-13 00:00,18004934,L,1,2,0,13,50,LEON,TALLAHASSEE,2,2018-02-13 10:32,2018-02-13 10:37,2018-02-13 10:45,2018-02-13 09:15,2,,2,CHAPEL DR,,30.447932,-84.31035,,,,W CALL ST,,5,3,2,1,1,2,1,1,,11,1,1,2,1,,,1,,,1,,,,,536,OFC,,,,,TALLAHASSEE POLICE DEPARTMENT,2,2018-02-15 14:30,EC2,0,,,,,,,,,,,,,,,,,,,,,,,,,,,,,,,,,,,,,,,,,,,,,,,,,,,,,,,,,,,,
86965037,2018,2018-02-22 06:10,2018-02-22 00:00,18006023,L,1,2,0,13,50,LEON,TALLAHASSEE,2,2018-02-22 06:53,2018-02-22 07:28,2018-02-22 08:02,2018-02-22 09:00,2,,2,N FRANKLIN BLVD,,30.444585,-84.272194,19,,S,E TENNESSEE ST,,2,3,2,1,6,2,1,1,,11,1,1,2,1,,,1,,,1,,,,,638,OFFICER,,,,,TALLAHASSEE POLICE DEPARTMENT,2,2018-02-24 14:24,EC2,0,,,,,,,,,,,,,,,,,,,,,,,,,,,,,,,,,,,,,,,,,,,,,,,,,,,,,,,,,,,,
87836380,2018,2018-04-21 13:30,2018-04-21 00:00,18012712,L,1,2,0,13,50,LEON,TALLAHASSEE,2,2018-04-21 13:34,2018-04-21 13:39,2018-04-21 13:43,2018-04-21 02:30,2,,2,CALL ST W,1704,,,50,,N,CHAPEL DR,,5,1,1,1,1,1,1,1,,11,1,1,1,1,,,1,,,1,,,,,761,OFFICER,,,,,TALLAHASSEE POLICE DEPARTMENT,2,2018-04-23 13:45,EC2,0,,,,,,,,,,,,,,,,,,,,,,,,,,,,,,,,,,,,,,,,,,,,,,,,,,,,,,,,,,,,
87837282,2018,2018-05-26 12:00,2018-05-26 00:00,18016713,L,1,2,0,13,50,LEON,TALLAHASSEE,2,2018-05-26 12:01,2018-05-26 12:05,2018-05-26 12:10,2018-05-26 13:10,2,,2,THOMASVILLE RD,3501,30.507399,-84.249259,,,,,,9,1,1,1,1,1,1,1,,11,1,1,2,1,,,1,,,1,,,,,652,OFFICER,,,,,TALLAHASSEE POLICE DEPARTMENT,2,2018-05-27 14:00,EC2,0,,,,,,,,,,,,,,,,,,,,,,,,,,,,,,,,,,,,,,,,,,,,,,,,,,,,,,,,,,,,
87836355,2018,2018-04-20 13:20,2018-05-22 00:00,18012593,U,1,2,0,13,50,LEON,TALLAHASSEE,2,2018-04-20 13:25,2018-04-20 13:26,2018-04-20 13:32,2018-04-20 13:55,2,,2,W CALL ST,,30.443608,-84.285624,,,,N M L KING JR BLVD,,5,3,2,1,1,1,1,1,,11,1,1,2,1,,,1,,,1,,,,,306,OFFICER,,,,,TALLAHASSEE POLICE DEPARTMENT,2,2018-05-24 14:28,EC2,0,,,,,,,,,,,,,,,,,,,,,,,,,,,,,,,,,,,,,,,,,,,,,,,,,,,,,,,,,,,,
87503618,2018,2018-04-30 12:41,2018-05-10 10:22,180063529,L,1,2,0,13,50,LEON,Tallahassee,2,2018-04-30 12:41,2018-04-30 12:42,2018-04-30 12:45,2018-04-30 14:06,2,,2,APALACHEE PKWY,,,,543,,W,HENDRIX RD,,5,1,1,2,1,1,1,1,3,11,1,1,1,1,,,1,,,1,,,,,12151,,,,,,LEON CO SO,3,2018-05-11 14:31,EC2,0,,,,,,,,,,,,,,,,,,,,,,,,,,,,,,,,,,,,,,,,,,,,,,,,,,,,,,,,,,,,
87837562,2018,2018-06-07 17:59,2018-06-07 00:00,18017976,L,2,4,0,13,50,LEON,TALLAHASSEE,2,2018-06-07 17:59,2018-06-07 18:00,2018-06-07 18:02,2018-06-07 18:55,2,,2,APALACHEE PKWY,,,,,,,PAUL RUSSELL RD,,2,3,2,1,1,1,1,1,,11,1,1,77,1,,,1,,,1,,,,,565,OFFICER,,,,,TALLAHASSEE POLICE DEPARTMENT,2,2018-06-16 14:06,EC2,0,,,,,,,,,,,,,,,,,,,,,,,,,,,,,,,,,,,,,,,,,,,,,,,,,,,,,,,,,,,,
87837922,2018,2018-06-21 19:20,2018-06-21 00:00,18019533,S,1,2,0,13,50,LEON,TALLAHASSEE,2,2018-06-21 19:20,2018-06-21 19:20,2018-06-21 19:20,2018-06-21 19:40,2,,2,BLAIRSTONE RD,,,,100,,S,GOVERNERS SQUARE BLVD,,5,3,77,1,1,2,1,1,,11,1,1,77,1,,,1,,,1,,,,,605,OFFICER,,,,,TALLAHASSEE POLICE DEPARTMENT,2,2018-06-24 13:51,EC2,1,,,,,,,,,,,,,,,,,,,,,,,,,,,,,,,,,,,,,,,,,,,,,,,,,,,,,,,,,,,,
87837604,2018,2018-06-09 12:14,2018-06-09 00:00,18018164,L,1,3,0,13,50,LEON,TALLAHASSEE,2,2018-06-09 12:14,2018-06-09 12:14,2018-06-09 12:18,2018-06-09 13:00,2,,2,OCALA RD,1380,30.460214,-84.318281,,,,,,9,3,1,1,1,1,1,1,,11,2,1,1,1,,,1,,,1,,,,,794,OFFICER,,,,,TALLAHASSEE POLICE DEPARTMENT,2,2018-06-11 13:49,EC2,0,,,,,,,,,,,,,,,,,,,,,,,,,,,,,,,,,,,,,,,,,,,,,,,,,,,,,,,,,,,,
87838093,2018,2018-06-28 12:00,2018-06-28 00:00,18020242,L,1,2,0,13,50,LEON,TALLAHASSEE,2,2018-06-28 12:07,2018-06-28 12:10,2018-06-28 12:28,2018-06-28 13:00,2,,2,MAHAN DR,,30.459578,-84.229728,689,,E,JAYDELL CIR,,5,3,1,1,1,1,1,1,,11,10,1,4,1,,,1,,,1,,,,,777,OFFICER,,,,,TALLAHASSEE POLICE DEPARTMENT,2,2018-07-10 14:23,EC2,0,,,,,,,,,,,,,,,,,,,,,,,,,,,,,,,,,,,,,,,,,,,,,,,,,,,,,,,,,,,,
87838291,2018,2018-07-09 09:13,2018-07-09 00:00,18021315,S,1,2,0,13,50,LEON,TALLAHASSEE,2,2018-07-09 09:13,2018-07-09 09:14,2018-07-09 09:21,2018-07-09 10:30,2,,2,ORANGE AVE,,,,,,,JIM LEE RD,,5,1,6,1,1,1,1,1,,11,1,1,2,1,,,1,,,1,,,,,642,OFF,,,,,TALLAHASSEE POLICE DEPARTMENT,2,2018-07-10 14:23,EC2,1,,,,,,,,,,,,,,,,,,,,,,,,,,,,,,,,,,,,,,,,,,,,,,,,,,,,,,,,,,,,
87503886,2018,2018-07-11 09:50,2018-07-13 16:00,180098322,L,1,2,0,13,50,LEON,Tallahassee,2,2018-07-11 09:52,2018-07-11 09:52,2018-07-11 09:54,2018-07-11 10:36,2,,2,US 90,,,,0,,,SR 363,,2,3,2,2,1,1,1,1,3,11,1,1,1,1,,,1,,,1,,,,,11947,,,,,,LEON CO SO,3,2018-07-15 14:02,EC2,0,,,,,,,,,,,,,,,,,,,,,,,,,,,,,,,,,,,,,,,,,,,,,,,,,,,,,,,,,,,,
87837918,2018,2018-06-21 15:12,2018-06-21 00:00,18019498,L,1,2,0,13,50,LEON,TALLAHASSEE,2,2018-06-21 15:12,2018-06-21 15:12,2018-06-21 15:21,2018-06-21 17:00,2,,2,CAPITAL CIR NE,3325,,,380,,S,VILLAGE GREEN WAY,,5,3,77,1,1,1,1,1,,11,3,1,4,1,,,1,,,1,,,,,507,OFFICER,,,,,TALLAHASSEE POLICE DEPARTMENT,2,2018-06-26 14:11,EC2,0,,,,,,,,,,,,,,,,,,,,,,,,,,,,,,,,,,,,,,,,,,,,,,,,,,,,,,,,,,,,
87838754,2018,2018-07-29 10:57,2018-07-29 00:00,18023460,L,1,4,0,13,50,LEON,TALLAHASSEE,2,2018-07-29 10:57,2018-07-29 10:57,2018-07-29 11:37,2018-07-29 12:15,2,,2,N M L KING JR BLVD,,30.453705,-84.285602,27,,N,W 4TH AVE,,5,1,1,1,1,1,1,1,,11,1,1,1,1,,,1,,,1,,,,,688,OFC.,,,,,TALLAHASSEE POLICE DEPARTMENT,2,2018-07-30 13:48,EC2,0,,,,,,,,,,,,,,,,,,,,,,,,,,,,,,,,,,,,,,,,,,,,,,,,,,,,,,,,,,,,
87841660,2018,2018-11-03 18:15,2018-11-03 00:00,18035093,L,1,2,0,13,50,LEON,TALLAHASSEE,2,2018-11-03 19:05,2018-11-03 19:06,2018-11-03 19:11,2018-11-03 19:45,2,,2,S MAGNOLIA DR,,30.434995,-84.26176,209,,S,E LAFAYETTE ST,,5,2,1,1,3,1,1,1,,11,1,1,1,1,,,1,,,1,,,,,2,OFFICER,,,,,TALLAHASSEE POLICE DEPARTMENT,2,2018-11-06 19:43,EC2,0,,,,,,,,,,,,,,,,,,,,,,,,,,,,,,,,,,,,,,,,,,,,,,,,,,,,,,,,,,,,
87838460,2018,2018-07-15 14:58,2018-08-13 00:00,18022000,U,1,2,0,13,50,LEON,TALLAHASSEE,2,2018-07-15 14:58,2018-07-15 14:59,2018-07-15 15:05,2018-07-15 15:45,2,,2,CHULI NENE,,,,,,,WEKEWA NENE,,5,2,3,1,1,1,1,1,,11,1,1,2,1,,,1,,,1,,,,,549,INV,,,,,TALLAHASSEE POLICE DEPARTMENT,2,2018-08-16 14:11,EC2,0,,,,,,,,,,,,,,,,,,,,,,,,,,,,,,,,,,,,,,,,,,,,,,,,,,,,,,,,,,,,
87839831,2018,2018-09-07 14:36,2018-09-07 00:00,18028227,L,1,2,0,13,50,LEON,TALLAHASSEE,2,2018-09-07 14:36,2018-09-07 14:36,2018-09-07 14:36,2018-09-07 14:36,2,,2,LIPONA RD S,,30.434518,-84.314743,,,,JACKSON BLUFF RD,,5,1,2,1,1,1,1,1,,11,1,1,3,1,,,1,,,1,,,,,529,OFFICER,,,,,TALLAHASSEE POLICE DEPARTMENT,2,2018-09-11 14:39,EC2,0,,,,,,,,,,,,,,,,,,,,,,,,,,,,,,,,,,,,,,,,,,,,,,,,,,,,,,,,,,,,
87504320,2018,2018-09-19 20:24,2018-09-19 23:42,180136241,L,1,2,0,13,50,LEON,Tallahassee,2,2018-09-19 20:24,2018-09-19 20:24,2018-09-19 20:24,2018-09-19 20:50,2,,2,CROSSWAY RD,,,,0,,,WOODVILLE HWY,,5,2,3,1,4,1,1,1,77,11,1,1,1,1,,,77,,,1,,,,,12157,,,,,,LEON CO SO,3,2018-09-21 14:24,EC2,0,,,,,,,,,,,,,,,,,,,,,,,,,,,,,,,,,,,,,,,,,,,,,,,,,,,,,,,,,,,,
87839993,2018,2018-09-13 12:03,2018-09-13 00:00,18028910,L,1,2,0,13,50,LEON,TALLAHASSEE,2,2018-09-13 12:31,2018-09-13 12:31,2018-09-13 12:35,2018-09-13 12:03,2,,2,W PENSACOLA ST,,30.440299,-84.312592,,,,LOVELACE DR,,5,1,3,1,1,1,1,1,,11,1,1,2,1,,,1,,,1,,,,,506,OFFICER,,,,,TALLAHASSEE POLICE DEPARTMENT,2,2018-09-17 18:01,EC2,0,,,,,,,,,,,,,,,,,,,,,,,,,,,,,,,,,,,,,,,,,,,,,,,,,,,,,,,,,,,,
87840497,2018,2018-09-29 06:50,2018-09-29 00:00,18030902,L,1,2,0,13,50,LEON,TALLAHASSEE,2,2018-09-29 06:52,2018-09-29 06:55,2018-09-29 06:59,2018-09-29 07:35,2,,2,APALACHEE PKWY,,30.433888,-84.254191,961,,E,E LAFAYETTE ST,,5,3,1,1,4,1,1,1,,11,1,1,1,1,,,1,,,1,,,,,652,OFFICER,,,,,TALLAHASSEE POLICE DEPARTMENT,2,2018-10-02 14:08,EC2,0,,,,,,,,,,,,,,,,,,,,,,,,,,,,,,,,,,,,,,,,,,,,,,,,,,,,,,,,,,,,
87840448,2018,2018-09-27 15:30,2018-09-27 00:00,18030707,L,1,2,0,13,50,LEON,TALLAHASSEE,2,2018-09-27 16:20,2018-09-27 16:44,2018-09-27 16:59,2018-09-27 17:35,2,,2,PAUL RUSSELL RD,,,,,,,PROSPECT ST,,5,2,3,1,1,1,1,1,,11,1,1,2,1,,,1,,,1,,,,,527,PATROL,,,,,TALLAHASSEE POLICE DEPARTMENT,2,2018-09-29 14:19,EC2,0,,,,,,,,,,,,,,,,,,,,,,,,,,,,,,,,,,,,,,,,,,,,,,,,,,,,,,,,,,,,
87840555,2018,2018-10-01 16:30,2018-10-01 00:00,18031171,L,1,2,0,13,50,LEON,TALLAHASSEE,2,2018-10-01 16:32,2018-10-01 16:33,2018-10-01 16:36,2018-10-01 17:01,2,,2,JACKSON BLUFF RD,1704,30.434467,-84.31596,,,,,,9,3,1,2,1,1,1,1,,11,8,1,1,1,,,1,,,1,,,,,526,OFFICER,,,,,TALLAHASSEE POLICE DEPARTMENT,2,2018-10-03 14:50,EC2,0,,,,,,,,,,,,,,,,,,,,,,,,,,,,,,,,,,,,,,,,,,,,,,,,,,,,,,,,,,,,
87838578,2018,2018-07-21 00:30,2018-10-04 00:00,18022625,U,1,2,0,13,50,LEON,TALLAHASSEE,2,2018-07-21 15:58,2018-07-21 15:59,2018-07-21 16:11,2018-07-21 16:30,2,,2,JOHN KNOX RD,,,,,,,DELTA BLVD,,5,3,2,1,4,1,1,1,,11,3,1,2,1,,,1,,,1,,,,,661,INVESTIGATOR,,,,,TALLAHASSEE POLICE DEPARTMENT,2,2018-10-20 14:32,EC2,0,,,,,,,,,,,,,,,,,,,,,,,,,,,,,,,,,,,,,,,,,,,,,,,,,,,,,,,,,,,,
87840819,2018,2018-10-09 07:04,2018-10-09 00:00,18032149,L,1,2,0,13,50,LEON,TALLAHASSEE,2,2018-10-09 07:04,2018-10-09 07:04,2018-10-09 07:04,2018-10-09 08:10,2,,2,WHITEHALL ST,,30.448934,-84.308597,,,,W TENNESSEE ST,,2,3,3,1,4,2,1,1,,11,1,1,3,1,,,1,,,1,,,,,719,OFFICER,,,,,TALLAHASSEE POLICE DEPARTMENT,2,2018-10-27 14:26,EC2,0,,,,,,,,,,,,,,,,,,,,,,,,,,,,,,,,,,,,,,,,,,,,,,,,,,,,,,,,,,,,
87841264,2018,2018-10-25 10:13,2018-10-25 00:00,18033887,L,1,2,0,13,50,LEON,TALLAHASSEE,2,2018-10-25 10:13,2018-10-25 10:13,2018-10-25 10:16,2018-10-25 11:00,2,,2,W PENSACOLA ST,,30.440508,-84.314492,,,,N LIPONA RD,,5,1,77,1,1,2,1,1,,11,10,1,4,1,,,1,,,1,,,,,506,OFFICER,,,,,TALLAHASSEE POLICE DEPARTMENT,2,2018-10-26 14:30,EC2,0,,,,,,,,,,,,,,,,,,,,,,,,,,,,,,,,,,,,,,,,,,,,,,,,,,,,,,,,,,,,
88592765,2018,2018-11-09 15:50,2018-11-09 00:00,1811-0105,L,1,2,0,13,40,LEON,FLORIDA STATE UNIV.,2,2018-11-09 15:51,2018-11-09 15:51,2018-11-09 15:53,2018-11-09 16:12,2,,2,W CALL ST,1107,30.445433,-84.30332,,,,,,9,1,1,1,1,3,2,1,,11,8,1,1,1,,,2,,,1,,,,,404,OFFICER,,,,,FSU POLICE DEPARTMENT,2,2018-11-18 16:56,EC2,0,,,,,,,,,,,,,,,,,,,,,,,,,,,,,,,,,,,,,,,,,,,,,,,,,,,,,,,,,,,,
87843119,2018,2018-12-21 13:33,2018-12-22 00:00,18040596,L,1,2,0,13,50,LEON,TALLAHASSEE,2,2018-12-21 13:33,2018-12-21 13:36,2018-12-21 13:57,2018-12-21 14:30,2,,2,FARINGDON DR,,30.48344,-84.337377,,,,JOREE LN,,5,2,2,1,1,1,1,1,,11,1,1,2,1,,,1,,,1,,,,,719,OFFICER,,,,,TALLAHASSEE POLICE DEPARTMENT,2,2018-12-23 13:58,EC2,0,,,,,,,,,,,,,,,,,,,,,,,,,,,,,,,,,,,,,,,,,,,,,,,,,,,,,,,,,,,,
87116987,2018,2018-08-17 10:30,2019-02-07 04:03,FHPH18OFF015765,U,1,2,0,13,50,LEON,TALLAHASSEE,1,2018-08-17 10:36,2018-08-17 10:38,2018-08-17 10:47,2018-08-17 11:36,1,PENDING CHARGES,2,COUNTY ROAD 0342 (BANNERMAN ROAD),,30.5736078332746,-84.2296782622656,65,,E,SUMMIT RIDGE ROAD,,4,2,1,1,1,2,1,1,77,11,1,1,1,1,,,1,,,1,,,,,728,TROOPER,,,,,FLORIDA HIGHWAY PATROL,1,2019-02-08 14:43,EC2,0,,,,,,,,,,,,,,,,,,,,,,,,,,,,,,,,,,,,,,,,,,,,,,,,,,,,,,,,,,,,
87841142,2018,2018-10-21 15:11,2019-02-01 00:00,18033430,U,1,2,0,13,50,LEON,TALLAHASSEE,2,2018-10-21 15:11,2018-10-21 15:14,2018-10-21 15:14,2018-10-21 16:30,2,,2,W GEORGIA ST,,30.448011,-84.285646,,,,N M L KING JR BLVD,,5,3,2,1,1,1,1,1,,11,1,1,2,1,,,1,,,1,,,,,334,OFC,,,,,TALLAHASSEE POLICE DEPARTMENT,2,2019-02-06 14:38,EC2,0,,,,,,,,,,,,,,,,,,,,,,,,,,,,,,,,,,,,,,,,,,,,,,,,,,,,,,,,,,,,
87841107,2018,2018-10-20 09:22,2018-10-20 00:00,18033293,L,1,2,0,13,50,LEON,TALLAHASSEE,2,2018-10-20 09:27,2018-10-20 09:30,2018-10-20 09:33,2018-10-20 10:00,2,,2,MACOMB ST N,,,,,,,VIRGINIA ST W,,5,1,2,1,1,1,1,1,,11,1,1,2,1,,,1,,,1,,,,,713,OFFICER,,,,,TALLAHASSEE POLICE DEPARTMENT,2,2019-02-06 14:37,EC2,0,,,,,,,,,,,,,,,,,,,,,,,,,,,,,,,,,,,,,,,,,,,,,,,,,,,,,,,,,,,,
89140918,2019,2019-05-07 17:45,2019-05-07 00:00,2019-00068791,L,1,2,0,13,50,LEON,TALLAHASSEE,2,2019-05-07 17:45,2019-05-07 17:45,2019-05-07 17:50,2019-05-07 18:23,2,,2,MONTICELLO DR,,30.469664,-84.29326,,,,WATT DR,,5,1,2,1,1,1,1,1,,11,1,1,2,1,,,1,,,1,,,,,534,OFFICER,,,,,TALLAHASSEE POLICE DEPARTMENT,2,2019-05-08 14:41,EC2,1,,,,,,,,,,,,,,,,,,,,,,,,,,,,,,,,,,,,,,,,,,,,,,,,,,,,,,,,,,,,
89145240,2019,2019-10-24 13:07,2019-10-25 00:00,2019-00163159,U,1,2,0,13,50,LEON,TALLAHASSEE,2,2019-10-24 13:07,2019-10-24 13:08,2019-10-24 13:13,2019-10-24 14:03,2,,2,HIGH RD,,30.449568,-84.313504,156,,N,W TENNESSEE ST,,5,1,1,1,1,1,1,1,,11,2,1,1,1,,,1,,,1,,,,,627,PATROL,,,,,TALLAHASSEE POLICE DEPARTMENT,2,2019-10-27 13:52,EC2,0,,,,,,,,,,,,,,,,,,,,,,,,,,,,,,,,,,,,,,,,,,,,,,,,,,,,,,,,,,,,
87844974,2019,2019-03-05 16:06,2019-03-05 00:00,2019-00033719,L,1,3,0,13,50,LEON,TALLAHASSEE,2,2019-03-05 16:06,2019-03-05 16:14,2019-03-05 16:24,2019-03-05 16:44,2,,2,BASIN ST,,30.452633,-84.306633,13,,S,PRESTON ST,,5,3,3,1,1,1,1,1,,11,1,1,3,1,,,1,,,1,,,,,534,OFFICER,,,,,TALLAHASSEE POLICE DEPARTMENT,2,2019-03-07 14:44,EC2,0,,,,,,,,,,,,,,,,,,,,,,,,,,,,,,,,,,,,,,,,,,,,,,,,,,,,,,,,,,,,
88098345,2019,2019-03-23 16:50,2019-03-23 17:11,FHPH19OFF004178,L,2,3,0,13,50,LEON,TALLAHASSEE,2,2019-03-23 16:57,2019-03-23 17:00,2019-03-23 17:08,2019-03-23 17:53,2,,2,INTERSTATE 10 (STATE ROAD 10),,30.4797726289399,-84.3187975962823,,0.6,W,199 MM,,1,2,1,1,1,1,1,1,77,11,1,2,1,1,,,1,,,1,,,,,741,TROOPER,,,,,FLORIDA HIGHWAY PATROL,1,2019-03-27 14:45,EC2,0,,,,,,,,,,,,,,,,,,,,,,,,,,,,,,,,,,,,,,,,,,,,,,,,,,,,,,,,,,,,
89142353,2019,2019-07-10 17:33,2019-07-10 00:00,2019-00103985,L,1,2,0,13,50,LEON,TALLAHASSEE,2,2019-07-10 17:33,2019-07-10 17:37,2019-07-10 17:40,2019-07-10 18:55,2,,2,WHITE DR,,30.446784,-84.326098,,,,W TENNESSEE ST,,2,3,2,1,1,3,2,1,,11,1,1,3,1,,,1,,,1,,,,,772,OFFICER,,,,,TALLAHASSEE POLICE DEPARTMENT,2,2019-07-22 13:47,EC2,0,,,,,,,,,,,,,,,,,,,,,,,,,,,,,,,,,,,,,,,,,,,,,,,,,,,,,,,,,,,,
87844675,2019,2019-02-23 02:32,2019-02-23 00:00,2019-00028132,L,1,2,0,13,50,LEON,TALLAHASSEE,2,2019-02-23 02:32,2019-02-23 02:35,2019-02-23 02:37,2019-02-23 03:24,2,,2,CENTERVILLE RD,,30.461541,-84.260827,56,,S,PHYSICIANS DR,,5,3,1,2,4,1,1,1,,11,1,1,1,1,,,1,,,1,,,,,544,OFC,,,,,TALLAHASSEE POLICE DEPARTMENT,2,2019-03-02 14:43,EC2,0,,,,,,,,,,,,,,,,,,,,,,,,,,,,,,,,,,,,,,,,,,,,,,,,,,,,,,,,,,,,
87844810,2019,2019-02-28 09:07,2019-02-28 00:00,2019-00030778,L,1,2,0,13,50,LEON,TALLAHASSEE,2,2019-02-28 09:07,2019-02-28 09:08,2019-02-28 09:12,2019-02-28 09:40,2,,2,LAKE BRADFORD RD,,30.426729,-84.302111,,,,GAMBLE ST,,5,3,2,1,1,2,1,1,,11,1,1,2,1,,,1,,,1,,,,,779,OFFICER,,,,,TALLAHASSEE POLICE DEPARTMENT,2,2019-03-01 14:30,EC2,0,,,,,,,,,,,,,,,,,,,,,,,,,,,,,,,,,,,,,,,,,,,,,,,,,,,,,,,,,,,,
87289536,2019,2019-05-28 21:30,2019-05-28 22:01,FHPH19OFF007553,L,1,2,0,13,50,LEON,TALLAHASSEE,2,2019-05-28 21:31,2019-05-28 21:31,2019-05-28 21:31,2019-05-28 23:26,2,,2,NORTH MONROE STREET,,30.4729131140739,-84.29233781857,200,,E,JOHN KNOX ROAD,,2,1,1,1,4,1,1,1,77,11,2,1,4,1,,,1,,,1,,,,,4260,TROOPER,,,,,FLORIDA HIGHWAY PATROL,1,2019-06-02 13:57,EC2,0,,,,,,,,,,,,,,,,,,,,,,,,,,,,,,,,,,,,,,,,,,,,,,,,,,,,,,,,,,,,
87843656,2019,2019-01-16 16:58,2019-01-16 00:00,2019-00007971,L,1,2,0,13,50,LEON,TALLAHASSEE,2,2019-01-16 16:58,2019-01-16 16:50,2019-01-16 16:55,2019-01-16 18:10,2,,2,RIVOLI RD,,30.44012,-84.3092,,,,W PENSACOLA ST,,5,3,3,2,1,1,1,1,,11,1,1,2,1,,,1,,,1,,,,,333,PATROL OFFICER,,,,,TALLAHASSEE POLICE DEPARTMENT,2,2019-01-18 14:36,EC2,0,,,,,,,,,,,,,,,,,,,,,,,,,,,,,,,,,,,,,,,,,,,,,,,,,,,,,,,,,,,,
89140477,2019,2019-04-23 13:00,2019-04-23 00:00,2019-00060407,L,1,2,0,13,50,LEON,TALLAHASSEE,2,2019-04-23 13:00,2019-04-23 13:01,2019-04-23 13:04,2019-04-23 14:05,2,,2,MURPHREE ST,,30.448906,-84.30585,,,N,W TENNESSEE ST,,5,3,3,1,1,1,1,1,,11,1,1,3,1,,,1,,,1,,,,,726,OFFICER,,,,,TALLAHASSEE POLICE DEPARTMENT,2,2019-04-24 14:28,EC2,0,,,,,,,,,,,,,,,,,,,,,,,,,,,,,,,,,,,,,,,,,,,,,,,,,,,,,,,,,,,,
89142455,2019,2019-07-13 13:23,2019-07-31 00:00,2019-00105678,U,1,2,0,13,50,LEON,TALLAHASSEE,2,2019-07-13 13:23,2019-07-13 13:37,2019-07-13 13:46,2019-07-13 14:30,2,,2,CLINTS TRL,,30.463674,-84.29653,34,,N,W THARPE ST,,5,3,1,1,1,2,1,1,,11,1,1,1,1,,,1,,,1,,,,,306,OFFICER,,,,,TALLAHASSEE POLICE DEPARTMENT,2,2019-08-03 14:10,EC2,0,,,,,,,,,,,,,,,,,,,,,,,,,,,,,,,,,,,,,,,,,,,,,,,,,,,,,,,,,,,,
89141835,2019,2019-06-17 13:27,2019-06-17 00:00,2019-00091025,L,1,3,0,13,50,LEON,TALLAHASSEE,2,2019-06-17 13:27,2019-06-17 13:29,2019-06-17 13:34,2019-06-17 14:25,2,,2,IDLEWILD DR,,30.427612,-84.216365,152,,S,APALACHEE PKWY,,5,3,1,1,1,2,2,1,,11,1,1,1,1,,,1,,,1,,,,,511,OFFICER,,,,,TALLAHASSEE POLICE DEPARTMENT,2,2019-06-18 14:21,EC2,1,,,,,,,,,,,,,,,,,,,,,,,,,,,,,,,,,,,,,,,,,,,,,,,,,,,,,,,,,,,,
89141041,2019,2019-05-13 12:19,2019-05-13 00:00,2019-00071887,L,1,2,0,13,50,LEON,TALLAHASSEE,2,2019-05-13 12:19,2019-05-13 12:19,2019-05-13 12:24,2019-05-13 13:00,2,,2,W TENNESSEE ST,,30.452909,-84.337684,,,,APPLEYARD DR,,2,3,2,1,1,3,2,1,,11,1,1,2,1,,,1,,,1,,,,,567,OFFICER,,,,,TALLAHASSEE POLICE DEPARTMENT,2,2019-05-16 14:33,EC2,0,,,,,,,,,,,,,,,,,,,,,,,,,,,,,,,,,,,,,,,,,,,,,,,,,,,,,,,,,,,,
89141415,2019,2019-05-29 17:54,2019-05-30 00:00,2019-00080769,L,1,1,0,13,50,LEON,TALLAHASSEE,2,2019-05-29 17:54,2019-05-29 17:56,2019-05-29 17:59,2019-05-29 18:15,2,,2,W TENNESSEE ST,646,30.444588,-84.292892,,,,,,9,3,1,1,1,1,1,1,,11,10,1,1,1,,,1,,,1,,,,,377,OFC,,,,,TALLAHASSEE POLICE DEPARTMENT,2,2019-06-08 14:26,EC2,0,,,,,,,,,,,,,,,,,,,,,,,,,,,,,,,,,,,,,,,,,,,,,,,,,,,,,,,,,,,,
89141490,2019,2019-06-03 10:03,2019-06-03 00:00,2019-00083408,L,1,2,0,13,50,LEON,TALLAHASSEE,2,2019-06-03 10:03,2019-06-03 10:04,2019-06-03 10:18,2019-06-03 11:02,2,,2,GAMBLE ST,,30.426695,-84.302057,5,,E,LAKE BRADFORD RD,,5,3,1,1,1,1,1,1,,11,1,1,1,1,,,1,,,1,,,,,682,OFFICER,,,,,TALLAHASSEE POLICE DEPARTMENT,2,2019-06-05 15:16,EC2,0,,,,,,,,,,,,,,,,,,,,,,,,,,,,,,,,,,,,,,,,,,,,,,,,,,,,,,,,,,,,
89145057,2019,2019-10-17 18:40,2019-10-17 00:00,2019-00159568,L,1,2,0,13,50,LEON,TALLAHASSEE,2,2019-10-17 18:46,2019-10-17 19:27,2019-10-17 19:27,2019-10-17 20:00,2,,2,JACKSON BLUFF RD,,30.434388,-84.307834,108,,W,HAYDEN RD,,5,1,1,1,4,1,1,1,,11,3,1,4,1,,,1,,,1,,,,,540,OFFICER,,,,,TALLAHASSEE POLICE DEPARTMENT,2,2019-10-18 14:30,EC2,0,,,,,,,,,,,,,,,,,,,,,,,,,,,,,,,,,,,,,,,,,,,,,,,,,,,,,,,,,,,,
89144141,2019,2019-09-17 16:00,2019-09-17 00:00,2019-00142012,L,1,4,0,13,50,LEON,TALLAHASSEE,2,2019-09-17 16:05,2019-09-17 16:06,2019-09-17 16:11,2019-09-17 17:34,2,,2,TOOCHIN NENE,,30.428885,-84.261852,28,,E,S MAGNOLIA DR,,5,2,3,2,1,1,1,1,,11,1,1,3,1,,,1,,,1,,,,,686,OFFICER,,,,,TALLAHASSEE POLICE DEPARTMENT,2,2019-09-24 14:28,EC2,0,,,,,,,,,,,,,,,,,,,,,,,,,,,,,,,,,,,,,,,,,,,,,,,,,,,,,,,,,,,,
87843807,2019,2019-01-21 15:40,2019-01-21 00:00,2019-00010683,L,1,5,0,13,50,LEON,TALLAHASSEE,2,2019-01-21 15:40,2019-01-21 15:43,2019-01-21 15:51,2019-01-21 16:45,2,,2,MICCOSUKEE RD,,30.457606,-84.253237,,,,SURGEONS DR,,3,3,3,1,1,1,1,1,,11,1,1,2,1,,,1,,,1,,,,,524,OFFICER,,,,,TALLAHASSEE POLICE DEPARTMENT,2,2019-01-24 14:39,EC2,0,,,,,,,,,,,,,,,,,,,,,,,,,,,,,,,,,,,,,,,,,,,,,,,,,,,,,,,,,,,,
87843310,2019,2019-01-02 23:49,2019-03-13 00:00,2019-00000212,U,1,2,0,13,50,LEON,TALLAHASSEE,2,2019-01-02 23:49,2019-01-02 23:49,2019-01-02 23:49,2019-01-02 03:23,2,,2,N MONROE ST,,30.480415,-84.302896,34,,W,LAKESHORE DR,,2,3,1,1,4,1,1,1,,11,1,1,1,88,,,88,,,1,,,,,661,INVESTIGATOR,,,,,TALLAHASSEE POLICE DEPARTMENT,2,2019-03-20 15:12,EC2,0,,,,,,,,,,,,,,,,,,,,,,,,,,,,,,,,,,,,,,,,,,,,,,,,,,,,,,,,,,,,
89143733,2019,2019-09-03 16:30,2019-09-03 00:00,2019-00133911,L,1,3,0,13,50,LEON,TALLAHASSEE,2,2019-09-03 16:30,2019-09-03 16:30,2019-09-03 16:36,2019-09-03 17:23,2,,2,W ORANGE AVE,,30.412562,-84.300181,885,,E,SPRINGHILL RD,,5,3,1,1,1,1,1,1,,11,1,1,1,1,,,1,,,1,,,,,765,OFC,,,,,TALLAHASSEE POLICE DEPARTMENT,2,2019-09-05 14:24,EC2,0,,,,,,,,,,,,,,,,,,,,,,,,,,,,,,,,,,,,,,,,,,,,,,,,,,,,,,,,,,,,
89142923,2019,2019-08-04 15:10,2019-08-04 00:00,2019-00117333,L,1,2,0,13,50,LEON,TALLAHASSEE,2,2019-08-04 15:10,2019-08-04 15:10,2019-08-04 15:19,2019-08-04 15:50,2,,2,LAKE BRADFORD RD,,30.426751,-84.302139,,,,GAMBLE ST,,3,3,2,1,1,1,1,1,,11,1,1,2,1,,,1,,,1,,,,,625,OFFICER,,,,,TALLAHASSEE POLICE DEPARTMENT,2,2019-08-12 13:56,EC2,0,,,,,,,,,,,,,,,,,,,,,,,,,,,,,,,,,,,,,,,,,,,,,,,,,,,,,,,,,,,,
89143716,2019,2019-09-03 11:41,2019-09-03 00:00,2019-00133780,L,1,2,0,13,50,LEON,TALLAHASSEE,2,2019-09-03 11:41,2019-09-03 11:42,2019-09-03 11:46,2019-09-03 12:50,2,,2,W SAINT AUGUSTINE ST,,30.437466,-84.293094,,,,GAY ST,,5,3,2,1,1,1,1,1,,11,1,1,2,1,,,1,,,1,,,,,348,OFFICER,,,,,TALLAHASSEE POLICE DEPARTMENT,2,2019-09-06 14:28,EC2,0,,,,,,,,,,,,,,,,,,,,,,,,,,,,,,,,,,,,,,,,,,,,,,,,,,,,,,,,,,,,
87505106,2019,2019-02-24 18:55,2019-02-25 03:20,190028734,L,1,2,0,13,0,LEON,Unincorporated - Leon County,1,2019-02-24 19:00,2019-02-24 19:01,2019-02-24 19:01,2019-02-24 19:34,2,,2,DEER LAKE W,,,,0,,,BIRSCHBACH WAY,,5,2,3,1,4,1,1,1,3,11,1,1,2,1,,,1,,,1,,,,,11985,,,,,,LEON CO SO,3,2019-02-26 14:36,EC2,1,,,,,,,,,,,,,,,,,,,,,,,,,,,,,,,,,,,,,,,,,,,,,,,,,,,,,,,,,,,,
89144266,2019,2019-09-22 19:18,2019-09-22 00:00,2019-00145086,L,1,3,0,13,50,LEON,TALLAHASSEE,2,2019-09-22 19:18,2019-09-22 19:18,2019-09-22 19:18,2019-09-22 19:46,2,,2,W TENNESSEE ST,,30.447952,-84.327759,,,,DIXIE DR,,2,3,2,1,1,1,1,1,,11,1,1,3,1,,,1,,,1,,,,,603,OFFICER,,,,,TALLAHASSEE POLICE DEPARTMENT,2,2019-09-23 14:02,EC2,0,,,,,,,,,,,,,,,,,,,,,,,,,,,,,,,,,,,,,,,,,,,,,,,,,,,,,,,,,,,,
89145113,2019,2019-10-17 16:50,2019-10-19 00:00,2019-00160086,L,1,2,0,13,50,LEON,TALLAHASSEE,2,2019-10-17 15:12,2019-10-17 15:12,2019-10-17 15:12,2019-10-17 15:12,2,,2,S WOODWARD AVE,431,30.438104,-84.298191,,,,,,9,2,1,1,88,77,88,1,,11,2,1,4,1,,,1,,,1,,,,,685,OFFICER,,,,,TALLAHASSEE POLICE DEPARTMENT,2,2019-10-20 13:56,EC2,0,,,,,,,,,,,,,,,,,,,,,,,,,,,,,,,,,,,,,,,,,,,,,,,,,,,,,,,,,,,,
89141426,2019,2019-05-30 12:21,2019-05-30 00:00,2019-00081347,L,1,2,0,13,50,LEON,TALLAHASSEE,2,2019-05-30 13:21,2019-05-30 13:21,2019-05-30 13:24,2019-05-30 15:00,2,,2,COLLINSFORD RD,,30.441738,-84.236571,,,,E PARK AVE,,5,3,3,1,1,1,1,1,,11,1,1,2,1,,,3,,,1,,,,,511,OFFICER,,,,,TALLAHASSEE POLICE DEPARTMENT,2,2019-06-04 14:26,EC2,0,,,,,,,,,,,,,,,,,,,,,,,,,,,,,,,,,,,,,,,,,,,,,,,,,,,,,,,,,,,,
87844068,2019,2019-01-31 10:40,2019-02-12 00:00,2019-00015786,U,1,2,0,13,50,LEON,TALLAHASSEE,2,2019-01-31 10:40,2019-01-31 10:50,2019-01-31 11:05,2019-01-31 11:25,2,,2,RIVOLI RD,,30.440089,-84.309174,,,,W PENSACOLA ST,,5,1,2,1,1,1,1,1,,11,1,1,2,1,,,1,,,1,,,,,670,OFC,,,,,TALLAHASSEE POLICE DEPARTMENT,2,2019-02-14 14:41,EC2,0,,,,,,,,,,,,,,,,,,,,,,,,,,,,,,,,,,,,,,,,,,,,,,,,,,,,,,,,,,,,
89144150,2019,2019-09-18 10:40,2019-09-18 00:00,2019-00142458,L,1,2,0,13,50,LEON,TALLAHASSEE,2,2019-09-18 10:46,2019-09-18 10:46,2019-09-18 10:50,2019-09-18 11:00,2,,2,W PENSACOLA ST,,30.441215,-84.331087,143,,E,DUPREE ST,,5,3,1,2,1,1,1,1,,11,1,1,18,1,,,1,,,1,,,,,506,OFFICER,,,,,TALLAHASSEE POLICE DEPARTMENT,2,2019-09-19 14:35,EC2,0,,,,,,,,,,,,,,,,,,,,,,,,,,,,,,,,,,,,,,,,,,,,,,,,,,,,,,,,,,,,
89143578,2019,2019-08-29 17:27,2019-08-29 00:00,2019-00131183,L,1,2,0,13,50,LEON,TALLAHASSEE,2,2019-08-29 17:46,2019-08-29 17:46,2019-08-29 18:01,2019-08-29 18:01,2,,2,W TENNESSEE ST,,30.448942,-84.30588,,,,MURPHREE ST,,5,1,3,1,1,1,1,1,,11,1,1,2,1,,,1,,,1,,,,,529,OFFICER,,,,,TALLAHASSEE POLICE DEPARTMENT,2,2019-08-31 14:10,EC2,0,,,,,,,,,,,,,,,,,,,,,,,,,,,,,,,,,,,,,,,,,,,,,,,,,,,,,,,,,,,,
89145947,2019,2019-11-18 12:29,2019-11-18 00:00,2019-00177174,L,1,2,0,13,50,LEON,TALLAHASSEE,2,2019-11-18 12:29,2019-11-18 12:31,2019-11-18 12:34,2019-11-18 12:57,2,,2,W THARPE ST,,30.463463,-84.30969,44,,E,SEMINOLE GRAND APARTMENTS,,5,3,1,1,1,1,1,1,,11,1,1,1,1,,,1,,,1,,,,,622,PATROL,,,,,TALLAHASSEE POLICE DEPARTMENT,2,2019-11-20 14:44,EC2,0,,,,,,,,,,,,,,,,,,,,,,,,,,,,,,,,,,,,,,,,,,,,,,,,,,,,,,,,,,,,
87844140,2019,2019-02-02 16:07,2019-02-02 00:00,2019-00017048,L,1,2,0,13,50,LEON,TALLAHASSEE,2,2019-02-02 16:07,2019-02-02 16:10,2019-02-02 16:20,2019-02-02 16:32,2,,2,BRIGHTON RD,,30.413059,-84.271414,,,,RED ARROW RD,,5,3,3,1,1,1,1,1,,11,1,1,2,1,,,1,,,1,,,,,671,OFFICER,,,,,TALLAHASSEE POLICE DEPARTMENT,2,2019-02-03 14:01,EC2,0,,,,,,,,,,,,,,,,,,,,,,,,,,,,,,,,,,,,,,,,,,,,,,,,,,,,,,,,,,,,
88060380,2019,2019-09-18 17:40,2019-09-18 18:25,FHPH19OFF013323,L,1,1,0,13,0,LEON,UNINCORPORATED,1,2019-09-18 18:00,2019-09-18 18:06,2019-09-18 18:25,2019-09-18 18:58,2,,2,NB BAUM ROAD,,30.4927266832143,-84.0915646280146,20,,S,WADESBORO ROAD,,4,2,1,1,1,1,1,1,77,11,1,1,1,1,,,1,,,1,,,,,4338,TROOPER,,,,,FLORIDA HIGHWAY PATROL,1,2019-09-29 13:56,EC2,1,,,,,,,,,,,,,,,,,,,,,,,,,,,,,,,,,,,,,,,,,,,,,,,,,,,,,,,,,,,,
89144323,2019,2019-09-24 07:48,2019-09-24 00:00,2019-00145844,L,1,4,0,13,50,LEON,TALLAHASSEE,2,2019-09-24 07:48,2019-09-24 07:51,2019-09-24 07:58,2019-09-24 08:07,2,,2,W TENNESSEE ST,1066,30.448597,-84.302875,,,,,,9,1,1,1,1,1,1,1,,11,2,1,1,1,,,1,,,1,,,,,375,OFC,,,,,TALLAHASSEE POLICE DEPARTMENT,2,2019-09-25 14:33,EC2,0,,,,,,,,,,,,,,,,,,,,,,,,,,,,,,,,,,,,,,,,,,,,,,,,,,,,,,,,,,,,
89146072,2019,2019-11-21 18:00,2019-11-21 00:00,2019-00179142,L,1,2,0,13,50,LEON,TALLAHASSEE,2,2019-11-21 18:01,2019-11-21 18:02,2019-11-21 18:10,2019-11-21 18:30,2,,2,S BLAIRSTONE RD,501,30.436734,-84.249639,,,,,,9,3,1,1,2,1,1,1,,11,1,1,3,1,,,1,,,1,,,,,563,OFC.,,,,,TALLAHASSEE POLICE DEPARTMENT,2,2019-11-23 14:22,EC2,0,,,,,,,,,,,,,,,,,,,,,,,,,,,,,,,,,,,,,,,,,,,,,,,,,,,,,,,,,,,,
89141544,2019,2019-06-04 20:00,2019-06-19 00:00,2019-00084233,U,1,2,0,13,50,LEON,TALLAHASSEE,2,2019-06-04 20:22,2019-06-04 20:22,2019-06-04 20:27,2019-06-04 23:15,2,,2,W TENNESSEE ST,3114,30.457763,-84.348342,,,,,,9,2,1,1,2,1,1,1,,11,10,1,4,1,,,1,,,1,,,,,306,OFFICER,,,,,TALLAHASSEE POLICE DEPARTMENT,2,2019-06-28 14:17,EC2,0,,,,,,,,,,,,,,,,,,,,,,,,,,,,,,,,,,,,,,,,,,,,,,,,,,,,,,,,,,,,
88593014,2019,2019-09-19 09:32,2019-09-19 00:00,1909-0234,L,1,2,0,13,40,LEON,FLORIDA STATE UNIV.,2,2019-09-19 09:37,2019-09-19 09:37,2019-09-19 09:42,2019-09-19 10:10,2,,2,W CALL ST,,30.443597,-84.293216,228,,E,N DEWEY ST,,5,3,1,1,1,1,1,1,,11,1,1,1,1,,,1,,,1,,,,,410,OFFICER,,,,,FSU POLICE DEPARTMENT,2,2019-09-20 14:43,EC2,0,,,,,,,,,,,,,,,,,,,,,,,,,,,,,,,,,,,,,,,,,,,,,,,,,,,,,,,,,,,,
89145346,2019,2019-10-28 09:01,2019-10-28 00:00,2019-00165385,L,1,3,0,13,50,LEON,TALLAHASSEE,2,2019-10-28 09:45,2019-10-28 09:46,2019-10-28 09:29,2019-10-28 10:21,2,,2,N ADAMS ST,,30.444667,-84.281973,,,,E TENNESSEE ST,,2,1,2,1,1,1,1,1,,11,1,1,3,1,,,1,,,1,,,,,551,0FFICER,,,,,TALLAHASSEE POLICE DEPARTMENT,2,2019-11-26 14:48,EC2,0,,,,,,,,,,,,,,,,,,,,,,,,,,,,,,,,,,,,,,,,,,,,,,,,,,,,,,,,,,,,
89298323,2019,2019-10-27 15:01,2019-10-27 00:00,190171651,L,1,2,0,13,0,LEON,UNINCORPORATED,1,2019-10-27 15:05,2019-10-27 15:06,2019-10-27 15:10,2019-10-27 16:02,2,,2,N MONROE ST,,30.492792,-84.324417,,,,TALPECO RD,,5,2,2,1,1,1,1,1,,11,1,1,2,1,,,1,,,1,,,,,279,FTO DEPUTY,,,,,LEON COUNTY SHERIFFS OFFICE,3,2019-11-05 14:33,EC2,1,,,,,,,,,,,,,,,,,,,,,,,,,,,,,,,,,,,,,,,,,,,,,,,,,,,,,,,,,,,,
89298244,2019,2019-10-22 12:07,2019-10-22 00:00,190168821,L,1,2,0,13,0,LEON,UNINCORPORATED,1,2019-10-22 12:09,2019-10-22 12:09,2019-10-22 12:12,2019-10-22 12:40,2,,2,TENN ST W,,30.459192,-84.358145,,,,,,5,3,1,1,1,1,1,1,,11,8,1,1,1,,,1,,,1,,,,,355,DEPUTY,,,,,LEON COUNTY SHERIFFS OFFICE,3,2019-10-23 14:45,EC2,0,,,,,,,,,,,,,,,,,,,,,,,,,,,,,,,,,,,,,,,,,,,,,,,,,,,,,,,,,,,,
89147887,2020,2020-02-09 12:41,2020-02-09 00:00,2020-00021276,L,1,3,0,13,50,LEON,TALLAHASSEE,2,2020-02-09 12:41,2020-02-09 12:41,2020-02-09 12:46,2020-02-09 13:19,2,,2,SAXON ST,,30.426709,-84.29514,,,,LIBERTY ST,,5,3,2,1,1,1,1,1,,11,1,1,2,1,,,1,,,1,,,,,352,OFFICER,,,,,TALLAHASSEE POLICE DEPARTMENT,2,2020-02-10 14:03,,,,,,,,,,,,,,,,,,,,,,,,,,,,,,,,,,,,,,,,,,,,,,,,,,,,,,,,,,,,,,
89148111,2020,2020-02-16 22:53,2020-02-16 00:00,2020-00025168,L,1,2,0,13,50,LEON,TALLAHASSEE,2,2020-02-16 22:53,2020-02-16 22:53,2020-02-16 22:58,2020-02-16 23:30,2,,2,ELBERTA DR,,30.427768,-84.304191,604,,W,LAKE BRADFORD RD,,5,3,1,2,5,1,1,1,,11,1,1,1,1,,,1,,,1,,,,,623,OFFICER,,,,,TALLAHASSEE POLICE DEPARTMENT,2,2020-02-18 14:35,,,,,,,,,,,,,,,,,,,,,,,,,,,,,,,,,,,,,,,,,,,,,,,,,,,,,,,,,,,,,,
89147769,2020,2020-02-04 22:26,2020-02-04 00:00,2020-00018451,L,1,2,0,13,50,LEON,TALLAHASSEE,2,2020-02-04 22:26,2020-02-04 22:26,2020-02-04 22:27,2020-02-04 00:00,2,,2,LAKE BRADFORD RD,,30.434355,-84.301824,,,,JACKSON BLUFF RD,,5,3,2,2,4,1,1,1,,11,1,1,2,1,,,1,,,1,,,,,573,PATROL,,,,,TALLAHASSEE POLICE DEPARTMENT,2,2020-02-06 14:53,,,,,,,,,,,,,,,,,,,,,,,,,,,,,,,,,,,,,,,,,,,,,,,,,,,,,,,,,,,,,,
89147945,2020,2020-02-11 07:00,2020-02-11 00:00,2020-00022232,L,1,2,0,13,50,LEON,TALLAHASSEE,2,2020-02-11 09:10,2020-02-11 09:13,2020-02-11 09:23,2020-02-11 10:09,2,,2,S ADAMS ST,,30.420834,-84.28207,,,,LINCOLN ST,,5,3,3,1,3,1,1,1,,11,10,1,4,1,,,1,,,1,,,,,770,OFC,,,,,TALLAHASSEE POLICE DEPARTMENT,2,2020-02-12 14:35,,,,,,,,,,,,,,,,,,,,,,,,,,,,,,,,,,,,,,,,,,,,,,,,,,,,,,,,,,,,,,
89298708,2020,2020-01-05 15:20,2020-01-05 00:00,200002533,L,1,2,0,13,0,LEON,UNINCORPORATED,1,2020-01-05 15:24,2020-01-05 15:24,2020-01-05 15:32,2020-01-05 16:05,2,,2,THE LAKES AT SAN MARCOS APARTMENTS,,30.373179,-84.269305,,,,WOODVILLE HWY,,4,1,3,2,1,1,1,1,,11,1,1,77,1,,,1,,,1,,,,,412,DEPUTY,,,,,LEON COUNTY SHERIFFS OFFICE,3,2020-01-14 14:27,,,,,,,,,,,,,,,,,,,,,,,,,,,,,,,,,,,,,,,,,,,,,,,,,,,,,,,,,,,,,,
89148227,2020,2020-02-21 13:53,2020-02-21 00:00,2020-00028247,L,1,2,0,13,50,LEON,TALLAHASSEE,2,2020-02-21 13:58,2020-02-21 14:01,2020-02-21 14:02,2020-02-21 15:33,2,,2,WHITE DR,457,30.448882,-84.326293,185,,S,HORNE AVE,,5,1,1,1,1,1,1,1,,11,1,1,1,1,,,1,,,1,,,,,668,OFFICER,,,,,TALLAHASSEE POLICE DEPARTMENT,2,2020-02-29 14:15,,,,,,,,,,,,,,,,,,,,,,,,,,,,,,,,,,,,,,,,,,,,,,,,,,,,,,,,,,,,,,
90110557,2020,2020-08-28 12:12,2020-08-28 00:00,2020-00123349,L,1,2,0,13,50,LEON,TALLAHASSEE,2,2020-08-28 12:12,2020-08-28 12:29,2020-08-28 12:37,2020-08-28 13:00,2,,2,3240 CAPITAL CIR NE,,30.496861,-84.247465,,,,,,9,3,1,1,1,2,1,1,,11,8,1,1,1,,,1,,,1,,,,,719,OFFICER,,,,,TALLAHASSEE POLICE DEPARTMENT,2,2020-08-29 14:07,,,,,,,,,,,,,,,,,,,,,,,,,,,,,,,,,,,,,,,,,,,,,,,,,,,,,,,,,,,,,,
89149428,2020,2020-05-21 17:25,2020-05-21 00:00,2020-00080293,L,1,2,0,13,50,LEON,TALLAHASSEE,2,2020-05-21 17:31,2020-05-21 17:32,2020-05-21 17:49,2020-05-21 18:20,1,HIT AND RUN,2,HOLMES ST,,30.425494,-84.304649,,,,MCCASKILL AVE,,5,1,2,2,1,1,1,1,,11,1,1,2,1,,,1,,,1,,,,,540,OFFICER,,,,,TALLAHASSEE POLICE DEPARTMENT,2,2020-06-18 14:05,,,,,,,,,,,,,,,,,,,,,,,,,,,,,,,,,,,,,,,,,,,,,,,,,,,,,,,,,,,,,,
88181368,2020,2020-02-06 14:55,2020-02-06 15:25,FHPH20OFF001629,S,1,3,0,13,50,LEON,TALLAHASSEE,2,2020-02-06 14:58,2020-02-06 15:02,2020-02-06 15:08,2020-02-06 15:55,2,,2,US-27,,30.48392,-84.3046,5,,E,I-10 MM199 EXIT RAMP,,2,1,3,1,1,2,2,1,2,11,1,2,2,1,,,1,,,1,,,,,3655,TROOPER,,,,,FLORIDA HIGHWAY PATROL,1,2020-02-17 14:12,,,,,,,,,,,,,,,,,,,,,,,,,,,,,,,,,,,,,,,,,,,,,,,,,,,,,,,,,,,,,,
89149629,2020,2020-06-06 10:18,2020-06-06 00:00,2020-00088124,L,1,3,0,13,50,LEON,TALLAHASSEE,2,2020-06-06 10:18,2020-06-06 10:23,2020-06-06 10:30,2020-06-06 10:55,2,,2,W TENNESSEE ST,,30.449017,-84.311493,396,,E,W CALL ST,,2,3,1,1,1,2,2,1,,11,1,1,1,1,,,1,,,1,,,,,594,OFFICER,,,,,TALLAHASSEE POLICE DEPARTMENT,2,2020-06-08 13:53,,,,,,,,,,,,,,,,,,,,,,,,,,,,,,,,,,,,,,,,,,,,,,,,,,,,,,,,,,,,,,
89148868,2020,2020-03-18 17:18,2020-03-18 00:00,2020-00042150,L,1,2,0,13,50,LEON,TALLAHASSEE,2,2020-03-18 17:18,2020-03-18 17:19,2020-03-18 17:24,2020-03-18 18:02,2,,2,ROYAL OAKS DR,,30.522466,-84.229466,,,,FORSYTHE WAY,,5,3,2,1,1,1,1,1,,11,1,1,2,1,,,1,,,1,,,,,565,OFFICER,,,,,TALLAHASSEE POLICE DEPARTMENT,2,2020-03-20 14:15,,,,,,,,,,,,,,,,,,,,,,,,,,,,,,,,,,,,,,,,,,,,,,,,,,,,,,,,,,,,,,
89147454,2020,2020-01-22 21:01,2020-01-22 00:00,2020-00011122,S,1,2,0,13,50,LEON,TALLAHASSEE,2,2020-01-22 21:01,2020-01-22 21:01,2020-01-22 21:05,2020-01-22 21:20,2,,2,W TENNESSEE ST,2201,30.445756,-84.323317,,,,SIDEWALK,,77,3,77,1,4,1,1,1,,11,2,1,1,1,,,1,,,1,,,,,352,OFFICER,,,,,TALLAHASSEE POLICE DEPARTMENT,2,2020-01-24 14:20,,,,,,,,,,,,,,,,,,,,,,,,,,,,,,,,,,,,,,,,,,,,,,,,,,,,,,,,,,,,,,
89149551,2020,2020-05-31 16:51,2020-05-31 00:00,2020-00085012,L,1,2,0,13,50,LEON,TALLAHASSEE,2,2020-05-31 16:51,2020-05-31 16:51,2020-05-31 16:51,2020-05-31 16:51,2,,2,KERRY FOREST PKWY,,30.543672,-84.231361,1135,,W,THOMASVILLE RD,,5,1,1,1,1,1,1,1,,11,1,1,1,1,,,1,,,1,,,,,398,OFFICER,,,,,TALLAHASSEE POLICE DEPARTMENT,2,2020-06-04 14:17,,,,,,,,,,,,,,,,,,,,,,,,,,,,,,,,,,,,,,,,,,,,,,,,,,,,,,,,,,,,,,
89299153,2020,2020-05-05 16:57,2020-05-05 00:00,200065781,L,1,2,0,13,0,LEON,UNINCORPORATED,1,2020-05-05 16:58,2020-05-05 16:59,2020-05-05 17:04,2020-05-05 17:30,2,,2,BUCK LAKE RD,,30.463556,-84.13921,343,,W,BRANDY LN,,5,2,1,2,1,1,1,1,,11,10,1,1,1,,,1,,,1,,,,,361,DEPUTY,,,,,LEON COUNTY SHERIFFS OFFICE,3,2020-05-06 14:03,,,,,,,,,,,,,,,,,,,,,,,,,,,,,,,,,,,,,,,,,,,,,,,,,,,,,,,,,,,,,,
89147566,2020,2020-01-28 07:40,2020-01-28 00:00,2020-00014066,L,1,2,0,13,50,LEON,TALLAHASSEE,2,2020-01-28 07:40,2020-01-28 07:41,2020-01-28 07:48,2020-01-28 09:30,2,,2,N MAGNOLIA DR,,30.456323,-84.262685,,,,E 6TH AVE,,3,3,2,1,3,1,1,1,,11,1,1,2,1,,,1,,,1,,,,,558,OFC,,,,,TALLAHASSEE POLICE DEPARTMENT,2,2020-01-29 14:37,,,,,,,,,,,,,,,,,,,,,,,,,,,,,,,,,,,,,,,,,,,,,,,,,,,,,,,,,,,,,,
89147036,2020,2020-01-06 08:29,2020-01-13 00:00,2020-00002382,U,2,3,0,13,50,LEON,TALLAHASSEE,2,2020-01-06 08:29,2020-01-06 08:30,2020-01-06 08:33,2020-01-06 09:30,2,,2,W CALL ST,,30.443637,-84.288418,,,,N MACOMB ST,,5,3,2,1,1,1,1,1,,11,1,1,2,1,,,1,,,1,,,,,315,OFFICER,,,,,TALLAHASSEE POLICE DEPARTMENT,2,2020-01-15 14:36,,,,,,,,,,,,,,,,,,,,,,,,,,,,,,,,,,,,,,,,,,,,,,,,,,,,,,,,,,,,,,
89147430,2020,2020-01-20 17:29,2020-01-21 00:00,2020-00010000,L,1,2,0,13,50,LEON,TALLAHASSEE,2,2020-01-20 17:29,2020-01-20 17:29,2020-01-20 17:31,2020-01-20 17:40,2,,2,CAPITAL CIR NW,,30.471338,-84.361252,268,,S,BRITTANY BLVD,,5,3,1,1,1,1,1,1,,11,1,1,1,1,,,1,,,1,,,,,352,OFFICER,,,,,TALLAHASSEE POLICE DEPARTMENT,2,2020-01-23 14:32,,,,,,,,,,,,,,,,,,,,,,,,,,,,,,,,,,,,,,,,,,,,,,,,,,,,,,,,,,,,,,
90109765,2020,2020-07-13 12:53,2020-07-29 00:00,2020-00104194,U,1,3,0,13,50,LEON,TALLAHASSEE,2,2020-07-13 12:53,2020-07-13 12:56,2020-07-13 12:56,2020-07-13 14:00,2,,2,GREEN TREE LN,,30.454534,-84.310427,,,,ARKANSAS ST,,5,3,2,1,1,1,1,1,,11,1,2,2,1,,,1,,,1,,,,,549,INV,,,,,TALLAHASSEE POLICE DEPARTMENT,2,2020-07-31 14:05,,,,,,,,,,,,,,,,,,,,,,,,,,,,,,,,,,,,,,,,,,,,,,,,,,,,,,,,,,,,,,
90112327,2020,2020-11-26 12:19,2020-11-26 00:00,2020-00162400,L,1,2,0,13,50,LEON,TALLAHASSEE,2,2020-11-26 12:19,2020-11-26 12:20,2020-11-26 12:21,2020-11-26 12:46,2,,2,S MONROE ST,,30.414996,-84.280714,505,,N,POLK DR,,5,3,2,1,1,2,1,1,,11,1,1,2,1,,,1,,,1,,,,,779,OFFICER,,,,,TALLAHASSEE POLICE DEPARTMENT,2,2020-11-30 14:24,,,,,,,,,,,,,,,,,,,,,,,,,,,,,,,,,,,,,,,,,,,,,,,,,,,,,,,,,,,,,,
89149318,2020,2020-05-11 08:27,2020-05-11 00:00,2020-00073794,L,1,2,0,13,50,LEON,TALLAHASSEE,2,2020-05-11 08:27,2020-05-11 08:35,2020-05-11 08:35,2020-05-11 09:19,2,,2,CHIPOLA ST,,30.48202,-84.344605,,,,N MISSION RD,,5,3,3,1,1,1,1,1,,11,1,1,2,1,,,1,,,1,,,,,662,OFFICER,,,,,TALLAHASSEE POLICE DEPARTMENT,2,2020-05-12 14:14,,,,,,,,,,,,,,,,,,,,,,,,,,,,,,,,,,,,,,,,,,,,,,,,,,,,,,,,,,,,,,
89299940,2020,2020-09-10 10:02,2020-09-10 00:00,200124183,L,1,2,0,13,50,LEON,TALLAHASSEE,2,2020-09-10 10:02,2020-09-10 10:02,2020-09-10 10:02,2020-09-10 13:00,2,,2,HERITAGE PARK APARTMENTS,,30.454514,-84.317675,20,,W,OCALA RD,,5,3,77,1,1,1,1,1,,11,10,1,4,1,,,1,,,1,,,,,12267,DEPUTY,,,,,LEON COUNTY SHERIFFS OFFICE,3,2020-12-24 14:19,,,,,,,,,,,,,,,,,,,,,,,,,,,,,,,,,,,,,,,,,,,,,,,,,,,,,,,,,,,,,,
90112011,2020,2020-11-08 18:52,2020-11-08 00:00,2020-00154721,L,1,3,0,13,50,LEON,TALLAHASSEE,2,2020-11-08 18:52,2020-11-08 19:02,2020-11-08 19:15,2020-11-08 19:24,2,,2,APALACHEE PKWY,,30.430067,-84.244097,134,,W,N PAUL RUSSELL RD,,5,1,1,1,6,1,1,1,,11,1,1,1,1,,,1,,,1,,,,,756,OFFICER,,,,,TALLAHASSEE POLICE DEPARTMENT,2,2020-11-28 14:28,,,,,,,,,,,,,,,,,,,,,,,,,,,,,,,,,,,,,,,,,,,,,,,,,,,,,,,,,,,,,,
89148540,2020,2020-03-04 16:00,2020-03-04 00:00,2020-00034907,L,1,2,0,13,50,LEON,TALLAHASSEE,2,2020-03-04 16:12,2020-03-04 16:12,2020-03-04 16:12,2020-03-04 16:48,2,,2,W TENNESSEE ST,,30.444796,-84.292627,45,,E,RAVEN ST,,2,3,1,1,1,1,1,1,,11,8,1,1,1,,,1,,,1,,,,,599,OFFICER,,,,,TALLAHASSEE POLICE DEPARTMENT,2,2020-03-06 14:27,,,,,,,,,,,,,,,,,,,,,,,,,,,,,,,,,,,,,,,,,,,,,,,,,,,,,,,,,,,,,,
90110116,2020,2020-08-03 18:14,2020-08-03 00:00,2020-00113184,L,1,3,0,13,50,LEON,TALLAHASSEE,2,2020-08-03 18:15,2020-08-03 18:15,2020-08-03 18:18,2020-08-03 19:00,2,,2,N MONROE ST,,30.462416,-84.281902,21,,N,LAKE ELLA DR,,5,3,1,1,1,1,1,1,,11,1,1,1,1,,,1,,,1,,,,,599,OFFICER,,,,,TALLAHASSEE POLICE DEPARTMENT,2,2020-08-04 14:25,,,,,,,,,,,,,,,,,,,,,,,,,,,,,,,,,,,,,,,,,,,,,,,,,,,,,,,,,,,,,,
87116987,2018,2018-08-17 10:30,2019-08-13 00:26,FHPH18OFF015765,U,1,2,0,13,50,LEON,TALLAHASSEE,1,2018-08-17 10:36,2018-08-17 10:38,2018-08-17 10:47,2018-08-17 11:36,2,,2,COUNTY ROAD 0342 (BANNERMAN ROAD),,30.5736078332746,-84.2296782622656,65,,E,SUMMIT RIDGE ROAD,,4,2,1,1,1,2,1,1,77,11,1,1,1,1,,,1,,,1,,,,,728,TROOPER,,,,,FLORIDA HIGHWAY PATROL,1,2020-04-13 13:41,,,,,,,,,,,,,,,,,,,,,,,,,,,,,,,,,,,,,,,,,,,,,,,,,,,,,,,,,,,,,,
89149236,2020,2020-05-03 16:57,2020-05-03 00:00,2020-00069525,L,1,2,0,13,50,LEON,TALLAHASSEE,2,2020-05-03 16:57,2020-05-03 16:59,2020-05-03 17:04,2020-05-03 18:03,2,,2,W CALL ST,,30.443609,-84.288368,,,,N MACOMB ST,,5,3,2,1,1,1,1,1,,11,1,1,2,1,,,1,,,1,,,,,633,OFC,,,,,TALLAHASSEE POLICE DEPARTMENT,2,2020-05-09 13:48,,,,,,,,,,,,,,,,,,,,,,,,,,,,,,,,,,,,,,,,,,,,,,,,,,,,,,,,,,,,,,
90110655,2020,2020-09-02 11:45,2020-10-01 00:00,2020-00125333,U,1,2,0,13,50,LEON,TALLAHASSEE,2,2020-09-02 11:45,2020-09-02 11:46,2020-09-02 12:02,2020-09-02 12:45,2,,2,N MONROE ST,,30.47054,-84.289324,92,,E,SILVER SLIPPER LN,,2,3,1,1,1,1,1,1,,11,1,1,18,1,,,1,,,1,,,,,670,OFC,,,,,TALLAHASSEE POLICE DEPARTMENT,2,2020-10-04 13:50,,,,,,,,,,,,,,,,,,,,,,,,,,,,,,,,,,,,,,,,,,,,,,,,,,,,,,,,,,,,,,
90111926,2020,2020-11-04 11:46,2020-11-04 00:00,2020-00152694,L,1,2,0,13,50,LEON,TALLAHASSEE,2,2020-11-04 11:46,2020-11-04 11:46,2020-11-04 11:50,2020-11-04 12:30,2,,2,LAKE BRADFORD RD,,30.434398,-84.301871,,,,JACKSON BLUFF RD,,5,3,2,1,1,1,1,1,,11,1,1,3,1,,,1,,,1,,,,,506,OFFICER,,,,,TALLAHASSEE POLICE DEPARTMENT,2,2020-11-05 14:17,,,,,,,,,,,,,,,,,,,,,,,,,,,,,,,,,,,,,,,,,,,,,,,,,,,,,,,,,,,,,,
89148819,2020,2020-03-15 19:17,2020-03-25 00:00,2020-00040728,U,1,2,0,13,50,LEON,TALLAHASSEE,2,2020-03-15 19:17,2020-03-15 19:19,2020-03-15 19:24,2020-03-15 21:00,2,,2,GAY ST,,30.437439,-84.293064,,,,W SAINT AUGUSTINE ST,,5,3,2,2,1,1,1,1,,11,1,1,2,1,,,1,,,1,,,,,357,OFFICER,,,,,TALLAHASSEE POLICE DEPARTMENT,2,2020-03-28 13:48,,,,,,,,,,,,,,,,,,,,,,,,,,,,,,,,,,,,,,,,,,,,,,,,,,,,,,,,,,,,,,
90109601,2020,2020-07-02 14:37,2020-07-02 00:00,2020-00099457,S,1,2,0,13,50,LEON,TALLAHASSEE,2,2020-07-02 14:38,2020-07-02 14:43,2020-07-02 14:46,2020-07-02 14:15,2,,2,PRESTON ST,,30.452755,-84.293981,,,,N DEWEY ST,,5,3,2,1,1,1,1,1,,11,1,1,3,1,,,1,,,1,,,,,678,OFC,,,,,TALLAHASSEE POLICE DEPARTMENT,2,2020-07-07 14:21,,,,,,,,,,,,,,,,,,,,,,,,,,,,,,,,,,,,,,,,,,,,,,,,,,,,,,,,,,,,,,
89148955,2020,2020-03-27 10:39,2020-03-27 00:00,2020-00046879,L,1,2,0,13,50,LEON,TALLAHASSEE,2,2020-03-27 10:40,2020-03-27 10:41,2020-03-27 10:41,2020-03-27 11:30,2,,2,AUTOMOTIVE WAY,,30.463714,-84.22791,,,,CAPITAL CIR NE,,5,3,2,1,1,2,1,1,,11,4,1,2,1,,,1,,,1,,,,,719,OFFICER,,,,,TALLAHASSEE POLICE DEPARTMENT,2,2020-03-28 13:48,,,,,,,,,,,,,,,,,,,,,,,,,,,,,,,,,,,,,,,,,,,,,,,,,,,,,,,,,,,,,,
90109511,2020,2020-06-26 17:22,2020-06-29 00:00,2020-00096999,U,1,2,0,13,50,LEON,TALLAHASSEE,2,2020-06-26 17:22,2020-06-26 17:23,2020-06-26 17:24,2020-06-26 19:42,2,,2,THOMASVILLE RD,,30.478328,-84.260875,,,,WAVERLY RD,,3,3,3,1,1,1,1,1,,11,1,1,3,1,,,1,,,1,,,,,670,OFC,,,,,TALLAHASSEE POLICE DEPARTMENT,2,2020-07-08 14:22,,,,,,,,,,,,,,,,,,,,,,,,,,,,,,,,,,,,,,,,,,,,,,,,,,,,,,,,,,,,,,
90111384,2020,2020-10-10 06:49,2020-10-10 00:00,2020-00140970,L,1,3,0,13,50,LEON,TALLAHASSEE,2,2020-10-10 06:49,2020-10-10 06:53,2020-10-10 07:00,2020-10-10 07:45,2,,2,MAHAN DR,,30.450721,-84.253636,321,,W,POINTE CT,,2,3,1,1,5,2,1,1,,11,1,1,1,1,,,1,,,1,,,,,719,OFFICER,,,,,TALLAHASSEE POLICE DEPARTMENT,2,2020-10-12 14:01,,,,,,,,,,,,,,,,,,,,,,,,,,,,,,,,,,,,,,,,,,,,,,,,,,,,,,,,,,,,,,
90111295,2020,2020-10-05 17:24,2020-10-05 00:00,2020-00139121,L,1,2,0,13,50,LEON,TALLAHASSEE,2,2020-10-05 17:24,2020-10-05 17:27,2020-10-05 17:35,2020-10-05 17:55,2,,2,OLD BAINBRIDGE RD,,30.473009,-84.311224,36,,S,HIGH RD,,5,3,2,1,1,1,1,1,,11,1,1,3,1,,,1,,,1,,,,,345,OFFICER,,,,,TALLAHASSEE POLICE DEPARTMENT,2,2020-10-07 14:33,,,,,,,,,,,,,,,,,,,,,,,,,,,,,,,,,,,,,,,,,,,,,,,,,,,,,,,,,,,,,,
90111390,2020,2020-10-10 14:39,2020-10-10 00:00,2020-00141060,L,1,2,0,13,50,LEON,TALLAHASSEE,2,2020-10-10 14:39,2020-10-10 14:40,2020-10-10 14:50,2020-10-10 15:30,2,,2,W TENNESSEE ST,1787,30.448931,-84.310836,,,,,,9,3,1,1,1,1,1,1,,11,1,1,4,1,,,1,,,1,,,,,567,OFFICER,,,,,TALLAHASSEE POLICE DEPARTMENT,2,2020-10-19 13:55,,,,,,,,,,,,,,,,,,,,,,,,,,,,,,,,,,,,,,,,,,,,,,,,,,,,,,,,,,,,,,
90112305,2020,2020-11-24 17:42,2020-11-24 00:00,2020-00161750,L,1,2,0,13,50,LEON,TALLAHASSEE,2,2020-11-24 17:42,2020-11-24 17:43,2020-11-24 17:55,2020-11-24 18:20,2,,2,LAURA LEE AVE,,30.40862,-84.280473,49,,E,S MONROE ST,,5,2,3,2,2,1,1,1,,11,1,1,3,1,,,1,,,1,,,,,396,OFC,,,,,TALLAHASSEE POLICE DEPARTMENT,2,2020-11-25 14:49,,,,,,,,,,,,,,,,,,,,,,,,,,,,,,,,,,,,,,,,,,,,,,,,,,,,,,,,,,,,,,
90110712,2020,2020-09-04 07:22,2020-10-06 00:00,2020-00126132,U,1,1,0,13,50,LEON,TALLAHASSEE,2,2020-09-04 07:24,2020-09-04 07:26,2020-09-04 07:40,2020-09-04 08:30,2,,2,W TENNESSEE ST,,30.448526,-84.317,,,E,OCALA RD,,5,3,2,1,1,1,1,1,,11,1,1,2,1,,,1,,,1,,,,,670,OFC,,,,,TALLAHASSEE POLICE DEPARTMENT,2,2020-10-08 14:18,,,,,,,,,,,,,,,,,,,,,,,,,,,,,,,,,,,,,,,,,,,,,,,,,,,,,,,,,,,,,,
90112931,2020,2020-12-31 11:11,2020-12-31 00:00,2020-00176033,L,1,2,0,13,50,LEON,TALLAHASSEE,2,2020-12-31 11:11,2020-12-31 11:13,2020-12-31 11:16,2020-12-31 13:16,2,,2,S MAGNOLIA DR,,30.424556,-84.262025,45,,S,CLARK AVE,,4,2,1,1,1,3,2,1,,11,1,1,1,10,,,1,,,1,,,,,789,OFC,,,,,TALLAHASSEE POLICE DEPARTMENT,2,2021-01-01 14:01,,,,,,,,,,,,,,,,,,,,,,,,,,,,,,,,,,,,,,,,,,,,,,,,,,,,,,,,,,,,,,
90113376,2021,2021-01-26 13:00,2021-01-26 00:00,2021-00010418,L,1,2,0,13,50,LEON,TALLAHASSEE,2,2021-01-26 14:25,2021-01-26 14:27,2021-01-26 14:31,2021-01-26 15:15,2,,2,W GAINES ST,,30.43557,-84.285633,,,,M L KING BLVD S,,5,3,2,1,1,2,1,1,,11,1,1,2,1,,,1,,,1,,,,,348,OFFICER,,,,,TALLAHASSEE POLICE DEPARTMENT,2,2021-01-28 14:21,,,,,,,,,,,,,,,,,,,,,,,,,,,,,,,,,,,,,,,,,,,,,,,,,,,,,,,,,,,,,,
24339154,2021,2021-04-12 19:18,2021-04-12 00:00,210046061,L,1,2,0,13,50,LEON,TALLAHASSEE,2,2021-04-12 19:18,2021-04-12 19:18,2021-04-12 19:18,2021-04-12 20:22,2,,2,APALACHEE PKWY,,30.427666,-84.221115,186,,W,BIG OAK ST,,3,2,1,1,1,1,1,1,,11,1,1,4,1,,,1,,,1,,,,,418,DEPUTY,,,,,LEON COUNTY SHERIFFS OFFICE,3,2021-04-27 14:24,,,,,,,,,,,,,,,,,,,,,,,,,,,,,,,,,,,,,,,,,,,,,,,,,,,,,,,,,,,,,,
24414764,2021,2021-04-23 12:22,2021-04-23 00:00,2104-0158,L,1,2,0,13,40,LEON,FLORIDA STATE UNIV.,2,2021-04-23 12:24,2021-04-23 12:24,2021-04-23 12:24,2021-04-23 12:48,2,,2,W CALL ST,,30.446775,-84.306446,,,,STADIUM DR,,5,,2,1,1,1,1,1,,11,1,1,2,1,,,1,,,1,,,,,445,OFC,,,,,FSU POLICE DEPARTMENT,2,2021-04-26 14:03,,,,,,,,,,,,,,,,,,,,,,,,,,,,,,,,,,,,,,,,,,,,,,,,,,,,,,,,,,,,,,
90113358,2021,2021-01-25 15:47,2021-01-25 00:00,2021-00010046,L,1,2,0,13,50,LEON,TALLAHASSEE,2,2021-01-25 15:47,2021-01-25 15:49,2021-01-25 15:58,2021-01-25 17:03,2,,2,THOMASVILLE RD,1943,30.466754,-84.26814,,,,,,9,1,1,1,1,2,1,1,,11,2,1,77,1,,,1,,,1,,,,,786,OFFICER,,,,,TALLAHASSEE POLICE DEPARTMENT,2,2021-01-27 14:27,,,,,,,,,,,,,,,,,,,,,,,,,,,,,,,,,,,,,,,,,,,,,,,,,,,,,,,,,,,,,,
90114968,2021,2021-04-17 22:25,2021-04-17 00:00,2021-00045586,L,1,2,0,13,50,LEON,TALLAHASSEE,2,2021-04-17 22:29,2021-04-17 22:30,2021-04-17 22:33,2021-04-17 23:17,2,,2,S BRONOUGH ST,,30.435594,-84.284349,,,,W GAINES ST,,5,3,2,1,4,3,2,1,,11,1,1,2,1,,,1,,,1,,,,,662,OFFICER,,,,,TALLAHASSEE POLICE DEPARTMENT,2,2021-04-21 14:21,,,,,,,,,,,,,,,,,,,,,,,,,,,,,,,,,,,,,,,,,,,,,,,,,,,,,,,,,,,,,,
88280094,2021,2021-04-11 17:09,2021-04-11 18:03,FHPH21OFF005204,L,1,2,0,13,0,LEON,UNINCORPORATED,1,2021-04-11 17:19,2021-04-11 17:20,2021-04-11 17:34,2021-04-11 19:42,2,,2,CHEROKEE RIDGE TRAIL,,30.5683674082368,-84.2196908563684,3,,S,KINHEGA DRIVE,,5,3,3,1,1,2,1,1,3,11,1,1,3,1,,,1,,,1,,,,,3939,TPR,,,,,FLORIDA HIGHWAY PATROL,1,2021-04-17 14:26,,,,,,,,,,,,,,,,,,,,,,,,,,,,,,,,,,,,,,,,,,,,,,,,,,,,,,,,,,,,,,
88389790,2021,2021-06-08 21:29,2021-06-08 21:46,FHPH21OFF008237,L,1,2,0,13,0,LEON,UNINCORPORATED,1,2021-06-08 21:29,2021-06-08 21:33,2021-06-08 21:40,2021-06-08 22:56,1,PENDING TOXICOLOGY,2,WOODVILLE HIGHWAY (STATE ROAD 363),,30.3778678059381,-84.2711455590919,,,,CROSSWAY ROAD,,3,3,1,1,4,1,1,1,3,11,1,1,1,1,,,1,,,1,,,,,4586,TPR,,,,,FLORIDA HIGHWAY PATROL,1,2021-06-15 14:26,,,,,,,,,,,,,,,,,,,,,,,,,,,,,,,,,,,,,,,,,,,,,,,,,,,,,,,,,,,,,,
90116068,2021,2021-06-17 18:40,2021-06-17 00:00,2021-00071169,L,1,2,0,13,50,LEON,TALLAHASSEE,2,2021-06-17 18:40,2021-06-17 18:40,2021-06-17 18:44,2021-06-17 19:15,2,,2,LOWELL ST,,30.457719,-84.29301,,,,W 7TH AVE,,5,3,3,1,1,1,1,1,,11,1,1,4,1,,,1,,,1,,,,,524,OFFICER,,,,,TALLAHASSEE POLICE DEPARTMENT,2,2021-06-24 14:23,,,,,,,,,,,,,,,,,,,,,,,,,,,,,,,,,,,,,,,,,,,,,,,,,,,,,,,,,,,,,,
90114859,2021,2021-04-13 12:27,2021-04-13 00:00,2021-00043489,L,1,2,0,13,50,LEON,TALLAHASSEE,2,2021-04-13 12:27,2021-04-13 12:27,2021-04-13 12:28,2021-04-13 13:30,2,,2,N MONROE ST,2707,30.478688,-84.300156,765,,W,SHARER RD,,2,3,1,2,1,1,1,1,,11,10,1,4,1,,,1,,,1,,,,,504,OFFICER,,,,,TALLAHASSEE POLICE DEPARTMENT,2,2021-04-15 14:22,,,,,,,,,,,,,,,,,,,,,,,,,,,,,,,,,,,,,,,,,,,,,,,,,,,,,,,,,,,,,,
24414747,2021,2021-03-27 21:32,2021-03-27 00:00,2103-0149,L,1,2,0,13,40,LEON,FLORIDA STATE UNIV.,2,2021-03-27 21:35,2021-03-27 21:37,2021-03-27 21:39,2021-03-27 22:27,2,,2,W JEFFERSON ST,,30.439623,-84.290799,,,,S COPELAND ST,,5,3,2,1,4,1,1,1,,11,1,1,2,1,,,1,,,1,,,,,445,OFC,,,,,FSU POLICE DEPARTMENT,2,2021-03-29 13:45,,,,,,,,,,,,,,,,,,,,,,,,,,,,,,,,,,,,,,,,,,,,,,,,,,,,,,,,,,,,,,
90114441,2021,2021-03-23 11:23,2021-03-23 00:00,2021-00034240,L,1,2,0,13,50,LEON,TALLAHASSEE,2,2021-03-23 11:25,2021-03-23 11:26,2021-03-23 11:35,2021-03-23 12:30,2,,2,E JEFFERSON ST,,30.439303,-84.273803,265,,E,FLEMING ST,,5,3,1,1,1,1,1,1,,11,1,1,1,1,,,1,,,1,,,,,781,OFFICER,,,,,TALLAHASSEE POLICE DEPARTMENT,2,2021-03-25 14:16,,,,,,,,,,,,,,,,,,,,,,,,,,,,,,,,,,,,,,,,,,,,,,,,,,,,,,,,,,,,,,
90115822,2021,2021-06-04 21:00,2021-06-12 00:00,2021-00065775,U,1,3,0,13,50,LEON,TALLAHASSEE,2,2021-06-04 21:01,2021-06-04 21:01,2021-06-04 21:09,2021-06-04 22:00,2,,2,CONKLIN ST,,30.431116,-84.292616,1,,S,RATTLER VIEW CT,,5,3,1,1,5,1,1,1,,11,1,1,1,1,,,1,,,1,,,,,610,OFFICER,,,,,TALLAHASSEE POLICE DEPARTMENT,2,2021-06-15 14:26,,,,,,,,,,,,,,,,,,,,,,,,,,,,,,,,,,,,,,,,,,,,,,,,,,,,,,,,,,,,,,
90112962,2021,2021-01-02 14:35,2021-01-02 00:00,2020-00000618,L,1,4,0,13,50,LEON,TALLAHASSEE,2,2021-01-02 14:43,2021-01-02 14:43,2021-01-02 14:50,2021-01-02 14:50,2,,2,MISSION TRACE BLVD,3801,30.490434,-84.347907,,,,,,9,3,1,1,1,3,2,1,,11,2,1,1,1,,,1,,,1,,,,,689,OFC,,,,,TALLAHASSEE POLICE DEPARTMENT,2,2021-01-07 14:19,,,,,,,,,,,,,,,,,,,,,,,,,,,,,,,,,,,,,,,,,,,,,,,,,,,,,,,,,,,,,,
90115367,2021,2021-05-08 20:50,2021-05-08 00:00,2021-00054430,L,1,2,0,13,50,LEON,TALLAHASSEE,2,2021-05-08 20:53,2021-05-08 20:54,2021-05-08 20:56,2021-05-08 21:45,2,,2,W TENNESSEE ST,,30.457587,-84.365054,,,,,,5,3,1,1,77,1,1,1,,11,1,1,1,1,,,1,,,1,,,,,525,OFFICER,,,,,TALLAHASSEE POLICE DEPARTMENT,2,2021-05-15 14:08,,,,,,,,,,,,,,,,,,,,,,,,,,,,,,,,,,,,,,,,,,,,,,,,,,,,,,,,,,,,,,
90115052,2021,2021-04-21 15:11,2021-04-21 00:00,2021-00047130,S,1,2,0,13,50,LEON,TALLAHASSEE,2,2021-04-21 15:11,2021-04-21 15:14,2021-04-21 15:18,2021-04-21 15:50,2,,2,E 6TH AVE,,30.456407,-84.280065,193,,E,N MONROE ST,,5,3,3,1,1,1,1,1,,11,10,1,3,1,,,1,,,1,,,,,308,OFC,,,,,TALLAHASSEE POLICE DEPARTMENT,2,2021-04-27 14:24,,,,,,,,,,,,,,,,,,,,,,,,,,,,,,,,,,,,,,,,,,,,,,,,,,,,,,,,,,,,,,
90114575,2021,2021-03-31 12:49,2021-03-31 00:00,2021-00037677,L,1,4,0,13,50,LEON,TALLAHASSEE,2,2021-03-31 12:49,2021-03-31 12:14,2021-03-31 12:15,2021-03-31 12:30,2,,2,W PENSACOLA ST,,30.440494,-84.314325,,,,N LIPONA RD,,5,1,2,1,1,1,1,1,,11,1,2,2,1,,,1,,,1,,,,,329,OFFICER,,,,,TALLAHASSEE POLICE DEPARTMENT,2,2021-04-01 14:37,,,,,,,,,,,,,,,,,,,,,,,,,,,,,,,,,,,,,,,,,,,,,,,,,,,,,,,,,,,,,,
24339260,2021,2021-05-19 13:40,2021-05-19 00:00,210062759,L,1,2,0,13,0,LEON,UNINCORPORATED,1,2021-05-19 13:45,2021-05-19 13:50,2021-05-19 14:00,2021-05-19 14:10,2,,2,COPPERFIELD CIR,,30.604968,-84.250258,225,,S,LOG RIDGE TRL,,5,2,1,1,1,2,1,1,,11,1,1,1,1,,,1,,,1,,,,,12000,DEPUTY,,,,,LEON COUNTY SHERIFFS OFFICE,3,2021-05-20 14:25,,,,,,,,,,,,,,,,,,,,,,,,,,,,,,,,,,,,,,,,,,,,,,,,,,,,,,,,,,,,,,
90114651,2021,2021-04-04 15:30,2021-05-10 00:00,2021-00039531,U,1,2,0,13,50,LEON,TALLAHASSEE,2,2021-04-04 16:04,2021-04-04 16:08,2021-04-04 16:10,2021-04-04 17:00,2,,2,CAPITAL CIR SW,5012,30.375504,-84.293255,,,,,,9,1,1,1,1,1,1,1,,11,2,1,77,1,,,1,,,1,,,,,661,INVESTIGATOR,,,,,TALLAHASSEE POLICE DEPARTMENT,2,2021-05-15 14:08,,,,,,,,,,,,,,,,,,,,,,,,,,,,,,,,,,,,,,,,,,,,,,,,,,,,,,,,,,,,,,
90115595,2021,2021-05-22 19:46,2021-05-22 00:00,2021-00060408,L,1,2,0,13,50,LEON,TALLAHASSEE,2,2021-05-22 19:46,2021-05-22 19:51,2021-05-22 20:07,2021-05-22 20:35,2,,2,CAPITAL CIR NW,,30.475012,-84.363089,335,,S,COMMONWEALTH BLVD,,5,3,1,1,1,1,1,1,,11,1,1,1,1,,,1,,,1,,,,,569,OFFICER,,,,,TALLAHASSEE POLICE DEPARTMENT,2,2021-05-24 14:07,,,,,,,,,,,,,,,,,,,,,,,,,,,,,,,,,,,,,,,,,,,,,,,,,,,,,,,,,,,,,,
90112931,2020,2020-12-31 11:11,2020-12-31 00:00,2020-00176033,L,1,2,0,13,50,LEON,TALLAHASSEE,2,2020-12-31 11:11,2020-12-31 11:13,2020-12-31 11:16,2020-12-31 13:16,2,,2,S MAGNOLIA DR,,30.424556,-84.262025,45,,S,CLARK AVE,,4,2,1,1,1,3,2,1,,11,1,1,1,10,,,1,,,1,,,,,789,OFC,,,,,TALLAHASSEE POLICE DEPARTMENT,2,2021-01-01 14:01,,,,,,,,,,,,,,,,,,,,,,,,,,,,,,,,,,,,,,,,,,,,,,,,,,,,,,,,,,,,,,
90115422,2021,2021-05-11 15:34,2021-06-15 00:00,2021-00055512,U,1,2,0,13,50,LEON,TALLAHASSEE,2,2021-05-11 15:34,2021-05-11 15:34,2021-05-11 15:34,2021-05-11 17:45,2,,2,W GAINES ST,,30.435613,-84.301625,,,,STADIUM DR E,,5,3,2,2,1,2,1,1,,11,1,1,2,1,,,1,,,1,,,,,381,INVESTIGATOR,,,,,TALLAHASSEE POLICE DEPARTMENT,2,2021-06-17 14:31,,,,,,,,,,,,,,,,,,,,,,,,,,,,,,,,,,,,,,,,,,,,,,,,,,,,,,,,,,,,,,
